109.55689754162
70.0793052016206
60.4827265369327
75.5267342301019
72.3128073149392
63.3597086251241
69.9895936125008
68.2727322867993
68.7050384162557
67.9689212074927
69.3060568156692
66.2497557521147
68.6938970461069
67.3536342283319
68.1892912198484
67.4742111477168
67.8839798439579
67.41984271447
67.1210538920375
66.3996921296159
66.1797804848965
65.2357018602578
64.8292462850041
65.7902093153568
65.5951020512724
63.5420970170828
63.7434773304171
66.2361897068454
65.7194765132673
63.3828860639879
65.5669454379755
66.6002431324031
66.621354942061
64.2122005573242
65.964739836552
64.9026075674254
65.561768329371
65.6864227059504
62.1231950783972
65.7803117553774
66.3351477425415
64.6449295578663
64.7146193464923
64.8048105938583
62.940468263884
64.998872199366
64.1489730171848
63.3642852233195
65.457984540254
64.227523735646
64.8251742245871
66.0292007051984
61.1357822092041
67.2564499411564
66.6564124023147
66.7141593204819
67.6026809487416
65.984513256012
66.2658793783852
65.0898045487834
60.4862481090798
65.7262909429706
83.1798814008237
71.170377776138
63.8339240577782
72.7672074133254
60.6666019959334
61.1965887666265
61.9784990517988
61.2961913373632
77.6466418352425
77.3283185790676
72.2504000803675
63.9949893031356
63.2414481973783
102.967933978066
69.2888073515094
63.0231366878332
75.2396459407673
80.5332468588822
64.0290633713243
97.0292541678218
62.2935385221542
56.7699084411363
70.6217866977452
88.012975266986
71.0806972770659
81.9111123235359
52.7491574385803
63.6909311669599
102.183184229534
87.3881306371578
66.8055850367294
73.4514581473283
55.0095594427659
50.9740494245002
52.576827401504
70.7040028411249
78.9108146304094
56.8871398835677
32.4389634243189
61.483759295279
59.7832502170146
56.3961081284676
93.2941661752716
58.5851164375845
52.1509797199673
60.249156089204
53.4524826966207
46.7200303722688
70.0512724626063
98.257807522089
84.0342214132901
75.0495565432247
62.2899078814904
61.9901127380011
63.9693170734185
65.0455139921822
66.035021421895
66.8659709715606
67.6003505436349
67.3527875011638
68.2172115423301
68.3008627533849
68.086680443373
67.9459078597864
66.8563506340694
67.5575567902321
67.3151588605416
67.106240266678
67.6738702867349
66.7363924132229
66.4817797355814
66.2597181800883
65.8982017009378
65.8956983170174
65.7908771416382
63.1476338546641
65.4505077322457
65.4106201705296
65.3152252108695
66.0514763843934
65.4104618275653
65.1025088069086
65.1678996128085
64.6518589984457
65.1552909066479
65.1051852487608
62.5301343790397
64.8836556109196
64.7217840520747
65.0953214097775
65.8791073648579
65.8625423535005
64.0359959125079
65.2820139330879
61.2681176869045
65.247430190855
64.8498508778637
62.5072127049683
63.12674169671
62.7105733124691
66.3746617411252
65.0941081744538
68.3895328785488
58.9320569030884
71.8659426781981
61.3858559723923
75.3239727656164
63.9848456939907
67.5921497311079
61.8222922133154
65.8155402779351
67.1973766890012
67.1797543560451
67.8016257998889
64.8891724198493
66.2075778650454
63.5798296283311
66.214147204438
64.9959837423798
65.315882003895
64.3838810358843
64.8185179336201
65.1441445569649
65.3144980567138
65.1355100717365
64.5850396701308
64.5817793616303
64.3213604381849
64.7433155938934
64.6446849070346
64.5860974188393
64.495986607706
64.593713599681
64.5995421592597
65.1052642460248
64.5842810795492
64.4256806299259
64.5261123066631
64.6722314961931
64.55060158565
64.4252888129745
64.5004739864754
64.4326848938024
64.7132776906023
64.5618212330809
65.3500343079683
65.1050155964629
65.0425499820457
65.0663619950162
65.2815076421249
65.4672041077038
65.0760054129669
65.2618429618687
64.1045473389199
64.9920786940727
65.1074685104627
63.6881444067847
65.0774032979748
64.726731926291
65.0855861672474
64.8682040242617
65.1253456688723
64.5096188556996
64.7361388324548
64.3342993701202
64.8422924405445
64.8013425814324
63.5067573076062
64.5385325415591
64.652454167501
64.6718888948475
65.416536649886
65.0675689554524
64.4991520580027
64.5604258959737
64.6689731435916
64.8048339561221
64.6230046137012
64.7742387816842
64.6984125148078
64.6871352110491
64.7377676733054
64.6437855693981
64.5538680218943
64.3928336788544
64.7968666052711
64.7859836340697
64.8720330286453
64.2305913021499
64.6911648968492
65.0112810228132
64.7745608517667
64.7130155359879
64.6293298962685
64.596577836163
64.1628846410447
64.5523504596761
64.2949103094534
64.8234559086193
64.6361469608302
64.9610731246505
64.9122673960161
64.8666485917712
64.6477654557895
64.8987549523201
65.2328820627537
65.1429482567404
65.2097791437458
65.1490713396351
65.0935417369251
64.8584662489404
64.9197660731477
64.7805146637963
64.9677191701603
64.9124348765576
64.8938591279237
64.7040662555023
64.6250062607297
64.5061573418949
64.2501874169749
64.5161710131593
64.7411638403475
64.9725232530639
64.9028924405807
64.5577262043024
64.8820093048674
64.8998312447974
64.7520095467539
65.0297800214712
64.3431355042087
64.9794953356041
65.3228372227345
64.9985220556334
65.2822406416835
65.5616712301655
65.1559128523977
65.2259214147714
64.4580769204477
65.191839252466
65.2300891049019
65.1597109109144
65.1137837730237
64.8699467160959
65.1548829053686
64.862857062918
64.6755469806681
64.8723619760734
64.8063337071824
65.1630871286873
64.4935012934355
65.334699609828
64.4373348266951
64.5111128504865
64.3660491025433
64.2562025631585
64.8033081048149
63.9023400528657
64.0514116935477
64.1185332555158
64.2048967286103
64.142425609979
64.0562827119322
63.784569591282
63.9734618167641
63.7412076573851
64.1431785184083
64.2059516385322
64.0974005041813
64.4026585264952
64.1701269951533
63.6454932287061
65.1720299680862
64.4088230618633
63.102348921311
64.220651730412
64.0019570147657
64.4952406189893
64.0888384305668
64.7468498428321
61.9536906618779
64.3103608044376
63.3875323909929
65.8789450562985
62.7559144903289
64.6309795625872
64.8031044360557
64.6290886978051
67.1185679587219
64.678105104566
64.7926097793357
65.1858208590562
64.8761734996821
65.0063865864248
64.5343353505046
65.0593880287429
65.3040164078789
65.7117844498609
63.4220064541447
64.4557371654019
63.3871369405496
62.6125039829706
64.0611294186079
64.2306466978205
62.1143401773917
64.4810725764038
64.4393616435083
62.0455922481442
64.6336477684746
66.1507991920594
64.859183449992
64.8954269540982
64.3037551529432
64.1006111048914
63.0003900111412
64.9900582637579
63.8455687449256
64.7612723684383
63.8558272610952
64.3346504505618
64.2787150857828
68.2294208334094
63.8091337996094
63.9982314463785
63.5919838474564
63.5064802392399
60.7639488682999
63.8928154752426
66.4169784229196
65.2493824555098
65.0477287862966
65.4602394247913
62.6865742304083
65.3375111957918
62.5246742502905
64.9973294769559
64.2517926096748
63.2394502392508
61.6563090119791
64.2637675229511
63.7519417055455
64.4347807196778
65.7422752661608
66.0013229336288
56.788233714949
62.2999790233498
70.5975588243653
65.1210676827498
66.8255354909711
55.9451940225552
64.7331549275295
65.4813088668153
52.4486943099953
65.651195018754
49.0693694125448
60.3484007546098
69.8396553930578
83.3338493803763
63.97978838435
86.7762486866596
59.7619327316062
78.8454477809849
83.995284028776
66.4621063431377
52.7265909761289
57.2217094369614
81.9141442249683
52.9754616569589
84.7134031582926
71.5729141734171
53.7075199167932
96.9897320355009
63.206113771944
76.7395265091062
65.7226944468383
52.2906345992186
92.1958393519949
61.1149134862512
79.3996766953695
65.4516553838401
113.185590216661
76.5510840488566
51.7705241424466
46.1258464963267
49.2892668936657
56.9097047267671
85.1758996044392
90.3877094650071
92.7095301024537
60.8966749798813
68.2743145206428
83.2202268358489
59.6205139397058
61.610368721546
64.2079049225678
63.5146703060517
66.121018931873
66.9671090863133
65.2872890799247
69.2561892519305
69.6017613728206
68.2461037965477
67.7352164163847
67.8590382343967
67.8616272458177
68.5856565087104
67.3276122113647
67.2596430974947
67.1162413366031
67.0251370742739
68.0377094669526
66.8661990571645
66.2920331123426
66.2486438388022
66.2184599051632
66.8372885233192
65.9163321241082
65.961404577579
65.6452439254005
65.2997311277927
66.453862626075
65.5830514031215
65.3090964548045
65.4642702276281
65.584401394318
66.2426430843373
65.5716670085126
65.5254366469423
65.434054849345
65.3916024505652
66.0455333797725
64.8194010768811
63.2825069968102
65.703619336671
65.3116448965647
65.939548878544
66.1079089057785
65.2097269736827
65.9979472177694
66.4968863481015
66.4077827923692
66.26747952556
66.3807074655606
64.7760623238988
66.8900511062653
67.2503580899587
68.1221430656127
68.2918472760084
68.08361196246
68.4685709425924
68.5924984944682
68.6715126339626
69.0598513461439
68.5212550215925
68.4214844557959
68.5352778394042
68.3791667743137
68.7952520420423
69.6488063688922
69.1325997889932
70.1023580248081
68.2151742154218
68.4380044828838
67.3754148396473
68.1108534548417
67.3492489567482
67.9359415966504
67.2694340170175
66.8042867717469
66.4137835521643
65.3515653727058
66.0746550966177
66.1273792518864
64.6511077104907
65.2557207877603
64.9083754234168
64.5493336241515
64.040015038692
64.1555745160541
64.3035617473449
64.263245409874
63.4098169230339
63.8255189228912
63.9629197817695
64.2786091029563
64.539930173729
64.6622119297568
65.2078613930674
64.5433862578303
64.9099720532288
64.6879973106015
65.4658361105301
64.9245091115639
65.0229069772171
64.9638928958039
63.8854669560165
64.1014796711684
64.590126447211
64.3444158080145
64.2491602296506
64.7635436910871
64.2660057146776
63.8781843916006
64.1593003663183
64.7151636364759
63.8945028182615
64.6398475020136
62.6388874792253
64.5565991684796
64.3060667457429
63.3737338984104
63.9325625875707
63.6556235793446
63.7396469167046
64.2617892024559
64.4846433920657
64.1787048181225
62.0579964315255
63.9772557557514
64.3388032997146
64.0146894376938
64.0677787700587
63.9379124839383
64.5236042701106
63.628899863915
64.1518033185461
63.8186190673429
65.0233979596042
64.0549759097687
65.2860457131159
64.8571724943373
63.5996055988395
64.6468784737762
64.4263322259771
61.3425642757816
63.5699143125828
64.0741479049754
64.1321670639066
64.5632682922244
63.9658121752307
64.5816739091673
64.4437787754012
66.1926575528915
65.2198898692951
64.8266076891427
65.6314622621126
65.2587199953504
64.3693480646265
65.2913432574203
64.3529175302372
65.5391838812294
65.3212642388068
64.8902776820169
64.3081946700151
65.1154823932422
64.7038190427656
64.1976613046963
59.4694420364135
65.6969028425042
61.2112258656206
64.8006577984234
64.0281825750815
64.0793175015135
63.8428852026844
65.4552676649133
63.1404280995467
63.4276577734765
65.4301813915573
64.850594789137
66.759467006626
64.9417704880145
67.1830113335619
63.4884459100415
65.7151351372739
60.799564726054
65.5465375887975
67.2753022981554
66.04621517685
65.1332593475442
65.5889656115626
61.7236975976187
65.7231030592614
63.5202300159641
63.3315062404054
73.6642308758806
66.6471667899191
70.843651487243
71.4351588670691
63.4432874605887
65.5826681210311
63.1646055411465
63.9228963033331
63.5033239299069
60.4815140941834
61.8160768100881
60.9895690628494
59.9172214634721
62.535401653047
66.7101467752205
64.1704646037074
58.3069099751985
65.7917611827432
66.4492335520224
98.700915532745
73.1951446856911
65.5306826092496
85.529964106124
58.9335300862945
101.714323843699
53.8236208930941
73.0395511520427
58.2363421783906
58.8504584605606
59.1377518195944
48.7609930083504
78.416053264598
53.5079827644943
60.223494026386
63.1682824857819
113.22114306583
82.6767940008902
105.15836779194
54.8815119645961
113.355650625569
74.147382839595
42.0665622018116
78.2638441117923
75.9383515088223
74.0909688388299
71.4582596250451
40.7198013576856
48.205676466933
49.0007529050022
61.3994903536105
45.8047887180671
67.403625159301
50.601962596876
68.0115431601735
71.8579094559714
78.5270035331091
73.2781171062049
71.4683219981836
74.5738900760822
69.9324928430385
65.8779212745064
66.0700753635298
75.3626045207918
71.2015543517805
33.9006106100659
51.0074033191191
56.8634246763165
88.6388507900185
70.1443957750627
103.756251817327
69.4369116221783
70.5441922098603
56.7964973544459
77.3618699813114
65.5288374574461
62.2860671814914
62.8686134929244
63.5624908665015
70.2200724226875
68.3368212622906
64.8192483458169
66.1360754306552
67.5388594859778
65.8301522655443
66.8377095898508
66.473220920369
66.442196383648
68.2449598791704
66.1412261597547
67.9557629196151
67.5516768387019
66.694996657143
67.5996570555115
66.5243894461789
66.4778773499343
66.9221386192207
64.0364596725399
66.6576774715536
67.0513109711494
66.1008357967223
66.9583696620041
65.6179475240433
67.2247728223649
68.599282832951
66.798552325528
66.6870354895971
67.4879431758046
66.783072469286
70.1290425139967
68.391945493958
67.6050840053187
67.3132683301951
71.078904449526
67.4889315049881
66.1806735628003
70.5767926243947
68.0700032546339
68.497767715936
68.9908071567157
69.2172144388546
67.8966810508326
69.9969664292275
67.4662052790121
70.5026018555431
70.4562468811153
72.2183037367125
72.4764959954226
72.3104383231716
71.0382535636127
71.8833693803491
72.4512308990901
71.6274285258086
74.3350142867078
72.2877569014637
70.1428295035036
74.9367984874955
72.1252819347845
72.0484564019092
72.7549287723899
74.7773767524554
67.0266550423846
68.4259914844438
68.5211674238803
68.9468703790559
69.1978761881971
69.2819702437521
67.2266467497514
67.5842690640369
67.1861709261285
65.9828569986979
65.8618207352345
68.5360607171629
68.1262214589186
62.6561450815588
62.8815497834005
64.5446144871515
62.5076259147543
63.7274989130132
62.7753027628135
58.2871147579044
73.9776802299932
71.2443285942581
64.6044653813276
58.6794921751166
64.4878024012997
64.9984383184985
60.8138023345766
59.7229785999101
62.7683029934153
70.2573451733725
51.2095976347725
63.7061736341339
65.7762398396307
56.694882554775
75.6301128515428
62.4080255827637
63.6983712366245
63.5703705240156
59.9741740764
64.5405404173639
64.1779066506924
63.583258138806
64.0523702510184
76.5050946282187
52.7200936543874
61.6791320515075
74.9286485086341
71.100324214485
65.2488070448893
101.223205077703
61.2115722409151
44.0191074674193
63.1142483126771
77.0724404395007
55.0159742591052
37.0446726514289
81.4873922138173
71.6529588820135
58.7430237591649
59.9315989755041
60.2326118951875
69.4024442847163
90.5158856503158
80.0372398750032
71.6079237091005
55.9580820607879
57.6522960330204
91.5658293535906
58.4609222139177
45.4685708468823
59.2647289667258
51.8642930294648
76.6446321911626
74.5438964139773
94.1561464163495
57.8373534759358
77.4058368811812
40.6972422665067
68.9871272620471
65.9979897785649
63.6176393751918
50.5813579778603
80.3719842615047
61.9097175109132
37.8850157457303
65.5854355688152
56.0989192357008
59.7245484438669
71.7553757925742
62.4081260347153
100.289733678769
86.0595626165778
55.2944592136131
61.4473223396336
68.878839298098
72.6237808134005
69.499951903387
64.3008021108616
90.7240047854828
73.2658056252797
64.6500639412081
51.6023072395051
72.4690582145608
96.3176627942496
48.2523428031587
73.1519107022762
70.0829540615849
54.8705105347783
93.9666875305696
70.3388369908551
59.0702665699128
94.406062590064
59.0786097007162
51.5001700097465
66.9966411793303
87.4416209634015
95.6637033486377
52.4798092981398
74.6063643185463
68.9778875558026
51.3043140489725
83.4897181934734
60.5723089616305
98.0946539793983
56.2395510055444
58.9830272464418
87.5680994111546
94.5295102663787
58.6236419995796
60.3990341690486
62.2813676277253
63.7420856526256
65.1121156877611
66.2177196532815
67.2454617369104
67.8574223069134
68.4669344895472
67.5840638249604
68.6174818941647
68.2385171795293
67.6161016036154
67.7084149582464
67.4596795894573
67.2753145487895
67.0819967504579
67.4395976188121
66.8219396268086
66.5873995182259
66.4098898396625
66.2176035324132
66.0758712284939
65.9454462552975
66.6878755231764
65.7888730289054
65.6356335476298
65.5320693440563
65.4456428397142
65.3616401818535
65.3230324516944
66.2295666428641
65.5197570502282
65.2254630733014
65.3991269720406
65.2266108376037
65.2225402087557
65.1214494970884
65.9065338585821
65.6909844419805
64.1823162950217
65.4750439285926
64.6289528879205
65.1497600495258
65.2343378253602
65.8246849000323
66.9458993470803
63.227146681128
67.3191936983105
65.1053300962366
66.8894978209344
67.3193036837305
68.093934348761
70.1405842506303
64.8867247665398
69.6837148138767
67.0858406362
68.2174187544587
67.8486668435985
68.1880859357377
68.344383455049
66.4947103076387
67.3696085734211
66.1933770039219
66.4711937645688
66.1957547079338
65.0928499727888
66.3579992391254
65.5491471404139
65.9760471489271
65.5647325836437
65.4107702424089
65.3158586637678
65.1474953853913
65.3779620814379
65.5781834811404
65.5543336056826
65.3106831016399
65.0680855526406
64.9235675293663
64.6582933112762
64.7643367156704
64.7092016951199
64.5986023859066
64.5008538417946
64.432061437875
64.3426905074976
64.3369130557642
64.2756251223255
64.2598972163384
64.2979531885989
64.4986438202841
64.8536938753372
65.3072544596639
65.7375161877523
65.9880114804689
66.1494179832746
66.3483717071665
66.455944909975
66.4154556073862
66.3398093634488
66.184869671887
65.9258579215175
65.6349933154797
65.4772002513804
65.4891015420783
65.5379051534176
65.6077281221276
65.5762839576618
65.4636111399412
65.3055048307942
65.3005720506132
65.3423554417075
65.3563613627001
65.3101722642956
65.2908138398181
65.2901268623706
65.3159046820838
65.2065882446841
65.0771612633633
64.9515692213359
64.9101258946114
65.0022172225239
65.0654858025471
65.0754165147439
65.0365186345281
65.0691566219032
65.0805006019542
65.1410548344576
65.1829574936174
65.2536629925513
65.3376631636961
65.2954579896536
65.4063218694272
65.485232099028
65.4977803024249
65.3827501494178
65.4353405607611
65.4794577569828
65.4332778081781
65.3652108510364
65.268585329524
65.1683945087865
64.9916805632518
65.0001490387868
65.0574337681024
65.299448456072
65.4260987163949
65.6323486513501
65.7289578792189
65.7909859722803
65.8125318064263
65.9340043079818
66.1340049980933
66.3748667187159
66.5263514911328
66.5521979074426
66.5744560916075
66.5566621978815
66.527156722486
66.5010525188905
66.4595884037787
66.4379527577946
66.3676386266497
66.1099409733471
65.916877865297
65.7747994160933
65.7561560774117
65.9167508224198
66.1149582442558
66.249577943146
66.4216723523592
66.688130992059
67.0518488773989
67.3258482669316
67.5470368389937
67.7814308983808
67.8841917351708
68.1008835722158
68.3429356098752
68.4985577500576
68.7654917670155
69.0038380108604
69.0767173734335
69.0109986361992
68.8577245817697
68.8103142047923
68.7155077788782
68.7069267234042
68.6340994745901
68.4720333675163
68.3218095413682
67.9745231945
67.6692988593771
67.2471139437021
66.9092110203851
66.7088512316525
66.3661841184264
65.9472475428157
65.4052321452385
64.9988959352926
64.6656308055488
64.3300158876524
63.9356135792968
63.4441691595946
63.1520559228552
62.9052164466868
62.7313699981513
62.4835447432417
62.1338464098062
61.9314649188606
61.8449997026032
61.7745971227859
61.7983590339484
61.8714196289095
62.0031878178516
62.1508944923625
62.2577911869483
62.2251388373497
62.2340493303662
62.2558937526102
62.3030413940448
62.5565783149838
62.7145755849705
62.8385697357709
62.8941502918975
62.9378615431128
62.85503230958
63.281062208707
63.5245773739286
63.8766960142612
64.0498080206749
64.3948931578284
64.7394916115535
65.0479568536853
65.3247077383595
65.3957593976997
65.449479699929
65.4351950835734
65.4361486123917
65.3982157926593
65.3601075399748
65.3688836945161
65.3189541032929
65.2277318946508
64.9750687298838
64.8936096818613
64.744777849717
64.7077670035921
64.7072747541917
64.6540924385774
64.6516422009505
64.7149477946476
64.820390838693
64.7757460791865
64.7475023003621
64.5665854913787
64.333298577351
63.985355454741
63.5534505342594
63.2174045614845
62.7908109832092
62.4006163759842
62.1809856672226
61.9131264261696
61.7100280823565
61.5381573159374
61.4610597610786
61.54591866008
61.7056169352874
61.8666772940457
61.9873445238539
62.1973440871274
62.3490875798782
62.459108079934
62.7432452653064
62.9241346976999
63.0310356777476
63.1348075852643
63.0828040408246
63.0852408566737
63.2744893495703
63.4488281483992
63.5135342846429
63.380250045779
63.3343879849159
63.3270583108534
63.2449670819966
63.2817009723795
63.3615857585267
63.2976899685334
63.2567946400588
63.2633984033931
63.1941718114376
63.2797306902053
63.2753187417921
63.384556887738
63.3622997950603
63.4086737142522
63.4154501036003
63.4121514437224
63.3686733039028
63.3463093801817
63.2367759262726
63.2835385432834
63.2687214720054
63.2148018847017
63.1932854272595
63.1199530887493
63.2658211611937
63.4802610660531
63.7483891053584
63.8216970942908
63.7996916662967
63.8284923023739
63.8774916832611
63.9389098007357
63.8810582903656
63.7454766080826
63.9743171445375
63.9596844676598
63.8803112330783
63.8935406563813
63.7492931220107
63.7032830562142
63.7093735747798
63.7638856366518
63.8289327993313
63.9515272412543
63.8981164797396
63.878103646686
63.7152200225841
63.8314796199344
63.8485249119437
63.7778586158839
63.6084259008674
63.5419746797725
63.3401342699867
63.1267753898177
62.8205589365609
62.6254185383775
62.539048459015
62.473307625843
62.3049313385834
62.066450386218
61.7964248545603
61.5386721073231
61.4263690966548
61.3815434848258
61.2123399631528
60.9318721448042
60.4112153163849
60.1548066070076
59.8766303760612
59.8797794848692
59.77096072109
59.9175948822296
60.0629935108528
60.2321219117769
60.3908796790813
60.6210761133265
60.8996444138405
61.0761100627743
61.3498118959345
61.6356489093904
61.9519310913141
62.220598479029
62.5623406589545
62.9043409316948
63.2739196048886
63.5890964801477
63.9364034603096
64.1107931837789
64.3450565495686
64.4693844257207
64.7205043194667
64.7071663380806
64.7879986684274
64.7660000010922
64.8547476098191
64.8964032083366
64.8471847011486
64.8115039277284
64.8140089579933
64.7570928821077
64.7031456855035
64.6902934132596
64.6140613172326
64.6186231927519
64.5348266423942
64.6390936379236
64.609484137434
64.59052881509
64.2706259502271
64.6084354953179
64.5456148737671
64.4817933645735
64.4695881932151
64.5134988018723
64.5009441305794
64.4172839165269
64.7062164921762
64.6837072217048
64.5676656745093
64.4552035900548
64.3677623817462
64.3336399797077
64.4536014513159
64.5266139811815
64.5499372447489
64.6252092581072
64.8052244878358
64.9220747098846
65.1210314126648
65.3536609586486
65.5556952577633
65.7119321392601
65.9118852630411
66.0490730263532
66.1029458019171
66.1809164204007
66.1940015146927
66.219376222671
66.2336376124548
66.2478729919009
66.3343880781502
66.3330513286732
66.3986975252685
66.4370166867805
66.471768564523
66.6177458919162
66.6586899234179
66.757390251953
66.8479621346775
66.8497853171343
66.8537544398795
66.8276596335006
66.8327444561722
66.8782256631183
66.9650725647192
67.0442881450781
67.0900176570389
67.2305375023007
67.1944605905461
67.1076748130741
67.1302695900407
67.0438119897556
66.9420294336876
66.8891359163567
66.988987460644
67.0687257511046
67.2012517310145
67.3990778655233
67.6488040431983
67.9689829478553
67.9617455847544
67.8120678415258
67.721458051949
67.4216764383503
67.1529849467854
66.8594469438395
66.5950495435126
66.3642845669362
66.184484391325
66.0466806806935
66.0677023767157
66.0889001620983
66.0829630228157
65.8259991967953
65.7463931210815
65.5270789038529
65.260982618439
65.2165831394629
65.0582371111391
64.7568312449503
64.7001144510725
64.6708241989946
64.5041781103088
64.2931910310501
64.1474061550704
63.9033069525982
63.8283115538884
63.5802961351837
63.5560041449527
63.3498749094081
63.1980185140056
63.1526595971194
63.270573537344
63.5393797830825
63.534807448512
63.6087604706274
63.6908423255984
63.6821642442034
63.7076226038189
63.9006595301499
64.1203405092632
64.2247486060653
64.2236710321411
64.0310629809016
64.3120360422452
63.8614925220304
63.889324625675
63.9652013854938
64.0851402566595
63.898811166131
64.1306947621647
64.1300319141628
64.1581734586591
64.3372978570726
64.3824673762154
64.432312700431
64.5543689934971
64.5313200504143
64.6278104237463
64.6410104547352
64.7166818829587
64.8169199948832
64.8737385590369
64.9264436271282
64.8775598209131
64.7601727663658
64.5053439984058
64.4714321031994
64.4243322137759
64.1520724297771
63.9632557454677
63.5879465882879
63.2570615110401
62.9403230336121
62.8198694149185
62.6667507027
62.6708564727821
62.4411880092206
62.3512828628176
62.2444277174188
62.2208124478743
62.1493145705165
62.1108301604277
62.2695375344055
62.2830687063755
62.3537304209038
62.4348925497187
62.3181023017337
62.4895007381798
62.4108636604274
62.2984647553106
62.060195411118
61.9306586765154
61.7990809407785
61.7975716254771
61.4315743646959
61.6448628130454
61.587584363894
61.6300018303439
61.7846520605971
61.8938066492593
62.1111602818233
62.414276571352
62.6182632727264
62.9214103553807
63.0771605726684
63.4379782728624
63.6345130725052
63.5932699168909
63.5366547437845
63.4507012666455
63.1988412763511
63.1979967622434
63.2254471000142
63.2760604968106
63.5218316489002
63.6153241740129
63.6229338452603
63.5037144636464
63.7322250805951
63.8516644365715
63.9720069618375
64.2630441828113
64.3191868159694
64.2331213800225
64.1287357583274
64.3367165988823
64.2752685457338
64.3889914149519
64.4956941871016
64.648493843351
64.5767688198575
63.9240358135256
64.3238474626977
64.6841153190203
64.7031396910644
64.6144755985089
64.7783101804442
64.7517748424102
62.4319342554854
63.414412663221
64.8303217200818
65.0791575393781
64.5782726138347
65.4822623802652
64.9508076472431
62.5138801763675
64.3437433072946
65.7523545740715
66.3640166078937
65.3089070103981
67.1222314655172
65.9284749924561
64.111388719347
64.6744757281988
66.469169569947
66.5613299028585
66.1747540621574
66.8829183106436
66.485610961881
62.6921103572694
66.4670721317589
66.5187564115253
67.1326713100907
66.8380562687075
67.3572561379765
67.0962194604801
66.341226582981
68.6301463693456
66.5775427260293
68.4314391829747
67.9464707222102
69.0214006586916
68.1847731621506
68.5218428529844
69.502440479901
68.5894409945179
69.8446904980734
69.6369697346494
71.2613485712113
70.8198348774552
70.9997045136865
71.5755100425705
73.4278857021148
72.1719887094128
73.4311371150389
73.750102594723
73.9626850740365
74.0017106341719
73.7815984323206
73.5425107488052
73.3013807177494
72.9949838615954
72.633279619144
72.46255236439
72.557195452237
72.6223321731287
72.5109449190793
72.2197327363356
72.0682542220251
71.8571043292016
71.5094243712197
71.089740222249
70.7112936256148
70.5449737867815
70.2973098232807
69.7118993831474
69.3663106568634
68.9964229090928
68.720000471853
68.7248859982655
68.6084126961029
68.5645865415261
68.668436543625
68.7457114274727
68.7673914384477
68.8477377566471
68.8691821474289
68.6792247719535
68.7820929936023
68.5437567504523
68.335748765944
68.06995929594
67.698746436765
67.5000703320626
67.2449927004523
67.1745063338599
66.8280211152383
66.9172266013899
66.83376698605
66.7886308404706
66.5825448780787
66.7430079101412
66.442215998297
66.1684493195793
65.8162083853699
65.2521898897164
65.1625902402508
64.6900730493145
63.9959337088788
64.1705752134872
63.8918679238774
64.0800656375527
63.9395304823682
63.9847281684366
63.899087169964
63.9502771869315
63.8437751341597
63.863048049146
63.9665011720035
63.7773460900461
63.6318196035725
63.3499384120442
63.4491833823935
63.4983345062852
63.4521816869769
63.2284685267969
63.4155452508772
63.2993852977944
63.1783656642453
63.2111565133166
63.2637068232603
63.4526173011628
63.5219579842233
63.6541994060724
63.8875755124316
63.9976893012196
63.9208684616856
63.5326128172285
63.9766867841162
63.9757669717489
63.9055120321064
63.7591492237063
63.8982576785233
63.9246026898819
64.2310263937835
64.2773108144462
64.5711818944338
64.7015247252865
64.8806686975893
64.8587937717596
65.1800031008955
65.1699847201568
65.1051011954519
65.0681434167334
65.2222038981157
65.2332250837444
65.2925303593285
65.4207151400686
65.6986197625324
65.6051722051338
65.7919557278316
65.4917748991646
65.5346983435625
65.4547406358302
65.5223725475121
65.038480712053
65.4729688247712
65.5008614443061
65.6009077339208
65.7321078159307
65.5376643232405
65.7218529025241
65.9086233067884
65.7836794608874
66.3386115744308
66.8889380123555
67.0987048453364
67.1622482437298
67.1031805591098
67.3703184169016
67.3807554837577
67.4096083282326
67.2757166423508
66.9584722963869
66.8782855979
66.8677930382523
66.5463150635252
66.7145560475223
66.6041594049593
66.5410571925781
66.4426895904008
66.489768905423
66.3545725973389
66.2804410788012
65.9915857872702
65.839741289211
65.475323003678
65.4167748319794
65.4331699965858
65.3602046444234
64.1170949879758
65.413254782882
65.2084747341817
65.3979873309006
65.0982999011434
65.2474880505583
65.2377173230522
65.0304097246123
65.1158215156577
65.325731763614
65.3060483948955
65.303292924004
65.3756957970588
65.6077974291012
65.5371216275707
64.9350672961294
65.2597207947932
64.6256798608888
64.6921584254921
65.192386744899
65.3473151707516
65.4750458181423
65.1625433081895
64.7988346721322
65.3190863011512
65.2359906336257
65.309036630533
64.9652874129271
64.9034597233288
65.0332662243262
65.4164788012517
65.0906090131499
65.0812488853317
64.7613584029402
65.080546397915
65.1041613266636
65.1531726678301
65.1537827214795
65.0581003626625
64.965630938005
65.1578050384435
65.07104537427
65.1005481853853
65.1102090490811
65.1677599506134
64.9496343534486
65.2466537939572
64.9793146919551
65.1597852137532
65.0288619213858
64.9660182808176
65.1169739445996
64.8547706355336
64.9887267468572
64.6364641797116
64.6759079724648
64.5194867874993
64.5150570878563
64.566901315662
63.7684996708359
64.1519018535821
64.2443429443469
64.1350369361435
64.1274757008037
63.8571112133408
63.5355173448765
63.6709780214643
63.7335462011653
63.5582220331456
63.560897626384
63.6073413015906
63.5283269202498
64.2523592802795
63.7652196002027
63.5479459420818
63.6392563422515
63.5273811923085
63.3717066553003
63.204630514305
63.2783905126796
62.9757648736215
63.4562801056871
63.285567814533
63.0359922814682
63.0588322476374
63.1428987799376
62.5894477117457
62.5803589069556
62.3009768831314
63.0742115252293
62.746133355875
62.9926146383287
63.150378149086
62.9735778836707
62.8642445427514
62.9799699140509
63.2541801940377
63.2632370058093
63.4770033037427
63.3567841027876
63.2875314780979
63.4738627718521
63.4519802082628
63.8452767647162
63.6366746197563
63.630434757114
63.5897488131043
63.7439213630632
64.0744819766737
64.1627032982034
64.1844928832301
64.4017628637772
64.0152742626089
64.41814741488
64.2086771789504
64.205419549404
63.8502219827693
64.0751133285609
64.2252437589871
64.2706736641054
64.5110432978362
64.8213380702705
65.253231518494
65.6845214559743
65.9020453985794
66.2952588083436
66.8243543990331
67.3426305477156
67.5875479429823
68.1766206757036
68.203489010122
68.8747210436395
69.2795916599006
69.8494632180813
69.926832406716
70.3615406639952
70.7641123174417
71.3221055914706
71.8412326833369
72.6090796187947
72.8444964573109
73.6582493044218
74.0896803870541
74.537893913139
74.9474679921441
75.2642717860399
75.4927037167661
75.8409304969579
76.0418015402019
76.060910360188
75.9213398071867
75.7336341860448
75.5558786944043
75.4009711833239
75.2303439293033
75.050900702764
75.0709071024715
75.0789588269196
74.9717284094464
74.8051213512848
74.5710436109119
74.3577924471322
74.1610691773813
74.1453275372536
74.3453076009851
74.7457458119916
75.2067580393861
75.9522733856861
76.7815655143548
77.6304012177794
78.1003834150778
78.3879044421103
78.5066957601847
78.537079617476
78.6312558949132
78.8061333248271
78.8352031528992
78.5840482907534
78.185011630185
77.8907421270713
77.7637824044119
77.7263333256875
77.7181381223107
77.6608073445359
77.4561435953565
77.3452180908243
77.3772135606056
77.3686906232989
77.1775271701401
76.7969120068296
76.528431613528
76.507189851077
76.5443699624346
76.4939766452033
76.3545731039206
76.2955318022273
76.2551336239339
76.3907088446853
76.6691503239775
76.9549962952896
77.225986389728
77.6391970351957
78.0725415936161
78.4469384753187
78.8751625826915
79.3759749344401
79.8495026565437
80.2832114809925
80.6125542659845
80.9314843431772
81.1917396038623
81.3971788141971
81.5017227780858
81.4648616965246
81.3437612818541
81.220965539436
81.1318145662477
81.0394729880473
80.5643914977863
80.6442021580399
79.2266452965697
79.2414487676465
78.9351574240521
78.8437311502075
78.4845451972781
78.0339540820368
77.7826417373346
77.6471916240182
77.755834488272
77.4583228555538
77.3472705305279
77.2348581996523
76.9580242888172
77.2061974197852
77.1621612521963
77.217620977857
77.2297244571047
77.5650491528367
77.5923360225377
77.6174633049337
77.799825869469
77.9713538237346
78.101511391362
78.1730074908284
78.1147262998769
78.1912929230751
78.3231839989464
78.4859514116318
78.4735654757644
78.4354607705452
78.5449126506166
78.3474614884405
78.6316404980661
78.6805079144362
78.7666110125195
78.9486373546497
79.2846596141742
79.5384776137256
79.7717057773742
79.6964275846657
79.2752407178856
79.8214436858987
79.9921211558728
80.1645310876531
80.5606943157125
80.6463082098899
80.7148081361394
80.3948692736346
80.802463142616
80.8557344693791
81.0500593228624
80.7868310987065
80.8609238144546
80.8147050553888
81.314650080729
81.8285852543603
82.1818433239915
82.3448462867145
82.5174135073828
82.349643003957
82.2900431392328
82.2397268772879
81.7974936374727
81.3956986886714
80.830908050952
80.7963785472301
80.5646981025273
80.4928134207224
80.1824187919103
79.6602268106078
79.9733484013477
79.9953943694483
79.7777846246433
79.5576383724113
79.1787719323092
78.7578087474827
78.5898096846322
78.0243635858377
77.7323554800429
77.2340858790067
76.8356217641385
76.3619519605976
76.0510420137095
75.9087993749824
75.5855150819342
75.3272221912927
75.1183339034995
74.9676967301807
74.4138417540796
74.3802202128542
73.9971912791445
73.9655911466685
73.8521975630427
73.3282090704735
73.5152386265228
73.4948597596722
73.3682661651669
73.3326479424737
73.5871622813721
73.2553941361548
73.2859865333716
73.4439835944433
73.705459510573
74.026579605614
74.3946080072356
74.5461637702463
74.6144950828749
74.6841793157411
74.8564430220279
74.8878054082841
74.8280710939182
74.8751838604762
75.0159636458716
75.0797150958855
74.9723141085678
74.8818251508536
74.8799259664176
74.9597768166517
75.0712601726728
75.0818330642948
75.1699454361902
75.0089051763741
74.6299820038015
74.4287497282727
74.4276626601707
74.372207905569
74.0777715932476
73.7017017528954
73.4339459115734
73.2213580931992
73.186498632655
73.2798468036627
73.4399964385806
73.4403885679927
73.3075631036062
73.2226048429665
73.2522063607718
73.1234208754637
72.9771660330946
73.1568650234267
73.6468428498254
74.2865444634038
74.961894073541
75.6227688894289
76.1357778282872
76.6422189919854
77.0992388020954
77.6882402543975
78.3125645456001
78.9174285189991
79.4148657683091
79.8886874931219
80.3616744874524
80.8016489580099
80.9906977802073
81.1819837979024
81.3623523144705
81.5217532678669
81.6090237028383
81.5655717341132
81.410442689185
81.3150238489085
81.3348353495376
81.6730899993162
82.0199161458118
82.4249330006577
82.6559748205345
82.8937640854588
83.2853522071492
83.6197293939608
84.0058968925317
84.2223210561849
84.4369818956695
84.5636177920758
84.6172376128918
84.4685616623901
84.272437655558
84.0404117804878
83.6638012745846
83.2826345402233
82.9788129622039
82.6286934838469
82.2866502499184
82.0440185430601
81.8379778653259
81.53585086426
81.2629817355662
80.882315287688
80.4248048580386
79.8785637058342
79.3729126089402
78.8576491587898
78.3778801694535
77.9084156536063
77.5638950892569
77.2837685497433
77.0152097524917
76.6735859895648
76.2859193722077
75.9237501442415
75.654275198682
75.5377460249966
75.3026065807627
75.0529104725057
74.6004861077235
73.9625898692876
73.4704666489821
73.0896931335686
72.7116261321584
72.4048438059567
71.9881709399674
71.705225205878
71.2398428427637
71.3564818123682
71.2667092766839
71.0788863623721
71.2665251599819
71.2086499215457
71.2156339088697
71.244537922592
71.3141382453935
71.4260965984434
71.4867809448397
71.2390895505642
71.1863026442759
71.1410500016794
71.187392330211
71.3862154499086
71.0335619606333
70.7747101393487
70.5053929895899
70.3851486428126
70.1644201366231
69.9816184520187
69.6003901135656
69.5005941626271
69.6011987987647
69.3565430062151
69.0690435525422
68.6934043776346
68.2414638153681
67.9126148188738
67.3804863233274
66.9258440478014
66.2826444691167
66.0128513569091
65.6560204764043
65.1462391191999
65.0466532545972
64.8185656095462
64.5434049723616
64.4638306026279
64.5059350117927
64.6587797667241
64.6889888517656
64.8411887558055
64.5961727639402
64.2743880246871
64.1574019233081
64.0182238747949
64.100759750822
63.9342960567001
63.8606613877742
64.018588265495
64.1446762268101
64.2273759613194
64.2306535003155
64.2750894476019
64.4540753770767
64.5541028178539
64.6395395181217
64.6357902918804
64.7219736403256
64.9529539922118
65.0316264299027
65.2233945240235
65.4659093973323
65.7403708800464
65.9509586345617
66.1567184473249
66.4235191008399
66.6315853249242
66.8852231529584
67.1969718031654
67.3990631477602
67.4038706973179
67.2650753245951
67.1621006896813
66.9654606834374
66.6500964775003
66.1824882916835
65.7848246440051
65.3968649603415
65.0551678918271
64.7091620318985
64.5059266373861
64.440427277428
64.5454229225863
64.7749098359847
64.9998409075988
65.1360394318134
65.2852144506491
65.507412131679
65.9080556668448
66.2734228967932
66.6581540825716
67.0350712815204
67.378257815845
67.6442820099025
67.9827331151029
67.8707016541569
67.5328595409787
67.2540257891244
66.8177813521396
66.5865142679103
66.4494870511045
66.2457685036719
66.0105712994034
65.8631046898653
65.874797259597
65.6925026055935
65.6103971504091
65.3550538066837
65.4110167298963
65.2926141010825
65.1489957370769
65.0626641303777
64.8101979534278
64.7660301394083
64.5299198900571
64.4008846805912
64.3940192549621
64.3819627828292
64.2516027207444
64.1981807271022
64.0816016853819
63.8730674993998
63.86428025572
63.6877915703563
63.596397879652
63.6243711228666
63.5738287885253
63.6449019663239
63.5980663929823
63.6460687108818
63.3987819704656
63.4855285939646
63.4414565704479
63.4193564861088
63.4102292469139
63.3053045930139
63.182791692338
63.0411421956361
62.953681946709
62.7721614012877
62.7596914704617
62.9295890328306
62.8876555892939
62.7887358996508
62.7065525019985
62.6585904328602
62.6326104184739
62.3210798628177
62.3186177310563
62.3288681772781
62.3385658090561
62.3549010118181
62.2266452627297
62.14746515068
62.0975732933944
62.0969560743311
61.8172391392234
62.0415402638667
62.108978556141
62.0342840848914
62.0267375901578
61.9446860680447
61.9805387635369
61.977889011795
61.9525823731694
61.7868922230462
61.7646649223577
61.7157619109977
61.7749215860948
61.8095526405404
61.7528825150239
61.6726840655528
61.3846050409094
62.0265901212891
62.0582317080933
62.2369188298717
62.2901119746479
62.3226572183616
62.651492887981
62.6600677905364
62.9679894089239
62.9779058494554
62.9748519041406
63.0358064641108
63.0129882775689
62.9943486014608
63.0755996068341
63.2183072219391
63.3304173373695
63.4147154418396
63.4741478629804
63.3259395979133
63.4826209444166
63.4207843197577
63.5377570911302
63.4802803457916
63.445002296204
63.097879728704
63.2194047177081
62.9879459747524
62.8153415392877
62.4673251039813
62.5983581235722
62.3724801216976
62.0321566508048
62.0239683554414
61.9962910970819
62.1581458285987
61.9410119375848
62.0205706811529
61.9506811358679
61.8427348272731
61.6585229169587
61.7604332894802
61.7643699136698
61.7764714308529
61.8451027849835
61.8379368706228
61.9924829902418
61.838995047675
62.1192296353642
62.1062481205536
62.2834769685461
62.3893734014033
62.4745229008006
62.5556076660175
62.8842094791933
62.8094309740756
63.0417323526239
63.0536274031046
63.2166850103686
63.2428321877775
63.3485636303335
63.3626926312738
63.4414290809703
63.546092654126
63.6591643075977
63.8321268010003
64.0601671729649
64.2210581296182
64.259360943123
64.3478770001366
64.5601452075965
64.4747333169334
64.5471628461868
64.5557184813291
64.4257186161444
64.4157697365336
64.3340846857375
64.1357919686194
63.7981528426376
63.6141824991195
63.6082645026461
63.3238858212203
63.3384338629306
63.3124599941454
63.1466229569031
63.0641866036825
63.008584710106
63.0778110532067
62.8500069873211
62.9472172150371
62.9947016709122
63.1676247909889
63.1903161255468
62.906553151204
63.1164826377103
63.2105339142925
63.0857105717459
63.2702220640768
63.1646728076774
63.0202430317521
63.1905429536812
63.121744712976
63.2278743999005
63.2998896326593
63.2988162301883
63.3776297459886
63.2674509201332
63.5462805553991
63.6673859644013
63.6574054907865
63.9124251623634
63.9810559137336
64.0579855512985
64.1072231794965
64.1858305690713
64.2931863780946
64.2926197662738
64.4419874403278
64.535829701017
64.4037630753345
64.3700853490372
64.3539237823329
64.2601591429799
64.5423508942917
64.2784978060828
63.9977243737982
64.2688791433235
63.7704599116989
64.1424305279185
64.104399937771
64.092621376679
64.0728281149365
64.0468341360521
64.0137245314016
63.5139302604104
64.1700826765579
64.0573614174333
64.0892971585067
64.005899443037
64.0684080579345
64.0858897399915
63.8752299433174
63.8840813116288
63.885907099772
63.8972317061193
64.1312549779853
63.9267806446219
63.8498847941619
64.0807353980887
64.0586716166577
64.1634295944056
64.113939596767
64.1173683146183
64.2635021534287
64.0969544585615
64.0991831570497
64.3270224966022
64.4049302007356
63.9046989876794
64.1764141449329
64.2008894183279
64.1387676212317
64.2090754047904
64.2508078428385
64.0679826014047
63.5997163767945
63.8251272780729
64.1304047823738
64.1480930816755
64.3144032439953
64.0594306793818
64.1133492227643
63.9798266689974
64.0891931385058
64.1363248405044
64.1437581475598
64.1393278953825
64.1279860770687
64.2834061683833
64.1740443128021
64.3758168128324
64.033874984275
64.0444052688562
64.6341530111864
64.4071019378089
64.3978607445845
64.520321330985
64.4876290777856
64.3323567195979
64.4586969170784
64.5543717683794
64.4267318594569
64.3211323380018
64.492501294243
64.4160723183157
64.2147157910508
64.3186108002788
64.35620403278
64.5343872486382
64.3734270394758
64.5152544138024
64.5443355689783
64.6324416434301
64.5846193013006
64.7759991750358
64.9753893834479
65.0108508267626
65.1322081054428
65.2511806602177
65.3924073204622
65.3482002886054
65.5123992917023
65.4893965750674
65.7654499240605
65.81673789365
65.8824440974914
65.7604822695467
66.0101242234766
66.1321925810451
66.0711985867632
66.1201317201457
66.171464233161
66.0544153948642
65.8842734343492
65.7567566637665
65.7901603001107
65.7199655461097
65.6135132450993
65.6547346451731
65.5710134714304
65.4064515946052
65.2818771816024
65.2402551722386
65.2783011131752
65.3710853445079
65.2686725809803
65.2661193219148
65.3010972249995
65.153005159952
65.2071795818334
65.1356525705863
65.3447764431933
65.2226270060841
65.1135944664355
65.2371487808605
65.1885936434804
65.2842830621379
65.3043689311445
65.3813527147762
65.1586117121913
65.2149547293467
65.2765240721853
65.2780798659689
65.4472961884051
65.6508425954456
65.1661393712665
65.7412676320259
65.7064893304274
65.6391438395966
65.647659075118
65.6742722716466
65.46384722118
65.5495364213915
65.4862928138838
65.5017756343435
65.8190231743325
65.3293847366307
65.1346281231849
64.6552360104918
65.0825392641061
64.8828846888576
64.8190665898553
64.9566280025016
64.414811993103
64.7488571008063
64.1908440927786
64.6657051502011
64.747553628849
64.6991009877069
64.6467653773953
64.6044959149825
64.1906705624463
64.4454584243308
64.6139732113898
65.0339389763594
64.2502495892539
64.5892854844646
64.5933306210859
64.697781935413
64.4243941028274
64.4766079616675
64.4648625309279
64.5075120399198
64.6489681057001
64.5051569535672
64.5700881949105
64.7156708565641
64.5068518936134
64.5857560626934
64.8864792769392
64.1787158559785
64.3831769131013
64.8236700498587
63.6967625147849
64.3937694033455
64.0130669713443
64.1304082336555
63.6789832277992
63.9437523379682
63.8105831039801
63.564825863456
63.3679572964388
63.5486057662215
62.7632082629944
63.524684439236
63.5129935026951
62.838710752422
63.361816064511
63.6445629912497
62.7672679801436
64.0285240490328
63.8889547915548
63.4569121921982
63.8632898874341
63.6415981357701
63.936858967608
63.9909863490277
63.958245608702
63.5634635808547
64.6166122208674
64.243455697005
64.1884008290932
64.6576806188286
64.1042037883868
64.3842704422857
64.4200114854759
64.7802690630522
64.2285535676435
64.8511439338707
64.6140674881393
64.2892648022492
64.3663481817286
64.4315868781009
64.606483768876
64.8709341410348
64.0453310214195
64.5912751410239
64.552944926913
64.4010440492843
64.7569252174465
64.5304953114156
64.6716087910587
64.791388076461
64.3647318569824
64.7452078502013
64.691214716889
64.7021215005917
64.9919400685097
64.7209654627218
64.9757187237576
64.7176663481625
64.6687174320532
64.5561554513227
64.9719482978801
64.8913784786976
64.7932430904641
64.9122724172479
64.7875940280258
64.7007628586618
64.9269988510245
64.7754099812393
64.0914063952149
64.2150496460432
64.5739877338146
65.1019925940255
64.7598636910192
64.9355907482948
64.5880696702296
64.6325861052654
65.1706545868072
64.5765836368659
65.2745935419145
64.9968613464004
64.8513430876335
65.2244170577696
65.7774333725713
65.6342403702787
64.9076089133665
65.2075207988841
65.4603856470738
65.7598623032691
65.9247124370081
65.9193155714281
65.2037934368382
65.8568746492189
65.7828575123483
65.9058835014564
65.6781851379308
66.3849485862407
66.4405631654653
66.2336325926928
66.0861896977636
66.2439029230708
66.0381641462909
66.5291651702919
67.1899860039574
66.2897034821661
66.1738085908953
66.1670367389372
66.6979360292991
65.8888320039839
66.8041280314095
65.2817395463149
65.2763384797745
65.2333867105329
65.0029682256937
65.4235714668749
64.6447788767679
64.937008963867
64.6664900540295
63.5642329883743
63.931038590605
64.1451519563967
64.5700177320916
63.9574138200883
64.3710989687692
63.8764668265746
64.4151741043146
63.8337676607888
71.8999530936417
65.0166778454806
64.4066847294941
64.5321345718503
64.3229488521618
64.8898765262523
63.1551752441556
64.6292663491451
64.5722909769035
64.6005824996371
63.7613562580059
63.9582881605406
63.8707703802902
64.9419297718316
64.8214938205857
64.7617848374938
64.2650069663661
64.8723125464968
64.9183645792111
65.3644685211913
63.7168636105074
64.6250337016229
63.5097820348637
64.5936534149915
64.7835622981864
64.5299939455589
64.0749781392209
64.7225831404873
62.8836198643135
64.6835248498454
65.2811986020386
64.1501656865039
64.2142657487896
62.7385934363226
65.5587061046339
65.1482970959808
63.6802120435793
64.2892928084994
64.0159590411443
62.3816073075256
61.5835888486274
62.3733591946431
63.3166766356264
63.4156808684294
64.6983610710863
62.9764818196136
62.8537704872685
64.5698491454476
64.711311746978
63.8284390101019
66.3128866626775
64.1397503360114
64.0410945167718
63.9351454863363
63.2967105444203
64.4266065942445
63.8166335835133
64.667912416327
64.5631790525729
65.0094842680848
66.0085137713835
72.6396681365109
64.6810539591526
64.315721750922
64.0679113889709
63.2722835065287
64.4385639745604
64.5423873867994
64.9947238255331
62.2228442663294
65.1759147090533
64.9815102131203
64.5727850919906
64.292100864868
62.4728020094815
64.58625913092
65.031088905386
66.2423949808489
64.6670378276726
65.003626567933
64.5074432011814
62.4984143766058
64.4580625688691
63.5191980298706
65.8553673654337
62.7417368861145
65.0180494083049
63.6256438868955
64.4879692119178
65.4445714206418
56.1961086971135
56.9158689770138
65.4283727452148
63.3689871081337
61.2218156793704
67.952453101158
66.582458237974
67.5714425816341
62.0885389081522
63.8093256000504
63.4657118201744
62.9935201028959
66.5331709527193
64.8053972746054
64.3437508430718
74.6003311736648
64.9791975606091
63.0466153835261
65.5785755578803
59.9466990877043
62.439948730263
65.2025507044572
64.4181440156006
63.9008202433075
63.7059858643159
63.5425602237926
64.2999113265239
63.8694693193267
65.4340253327204
64.3963872710782
70.2730245013204
79.9219359631534
67.8721354675576
71.4521660901915
65.0214556185869
84.5247034511222
59.3510906149213
63.0494377697324
67.3628773091436
75.4862047587861
83.8942215803353
69.9796022129478
56.1780162371421
60.1853560567413
60.9890660947272
71.4451554292313
64.2167695091068
60.4294114913982
64.3714197204781
97.7338139553808
61.8362004282227
63.7292575766749
32.9080059085875
51.1074827803006
66.3842506237345
61.7917105791648
71.5576150659088
62.8657024474353
44.901885916911
75.7258746632514
67.088591653892
89.8065049532292
73.9930553574254
83.7560806281424
52.9643391055937
64.6307747031673
57.4938083916102
81.4807597473735
52.712722632834
65.1072190700596
62.0957625072853
62.601725193576
62.3679060316415
79.6735020684408
59.1858096611176
33.117419004197
50.1792047228968
70.105548896423
48.2869647190324
55.519521594836
44.6624921542873
73.4192069436915
63.8879541203905
41.6339730783329
92.0808587849452
54.9326881332551
67.8432987096667
46.0024670804076
56.5210072791455
45.4739634064707
71.9121827445709
67.1098853495834
48.2785850375332
60.7523950885048
79.3872052784557
85.3128873363135
48.5282464488473
67.4723616615362
73.1475922950775
52.6584295780223
67.7430749025846
71.8664348210095
55.5523734668426
45.0656029817832
42.0943011733698
84.1166834007225
57.8216846430954
66.0005872137271
67.685181362803
67.1567413157876
84.6038289571812
80.1320936258892
56.9305028658731
53.7939138656469
64.5209808321665
112.494413442252
63.3902927542581
65.7153576400439
52.1944985838595
59.4886960083263
64.9088348035442
63.4571116243041
65.0897396761989
71.0710915748676
66.9314560113504
67.8532578560988
67.5769507701034
69.047095157099
69.9859931379036
70.3640802967948
66.4195317076087
68.3181178169554
68.5323992873087
67.2182708601023
68.6590934444322
68.0770450503531
67.40621996138
67.4678676812456
66.9342444260028
67.3262541269958
64.9227115066531
67.0045810217785
66.1783099369013
65.4422719344356
66.970880118736
65.7833505102309
65.9746371240783
65.8988981934536
65.7980013545016
65.6832121016872
64.1655037673585
65.9252324831912
65.6149244313808
65.130186214171
65.419490827672
65.053467207691
66.0601540408464
65.7286889730681
65.2803387650832
65.9357556355014
64.4124499002601
64.5639233193514
64.7859646358986
65.0647169733318
65.236085195088
64.9221366758114
65.1917311910175
63.5429845539475
64.955722769821
64.3149635914175
66.0657555044221
65.4101418487115
64.7505517910052
65.6557720953829
63.3127109570426
64.1774333815475
65.1171176393812
64.5359293491512
62.9227600616796
64.7485462146528
64.6561102374698
64.0975391397886
65.387516462188
63.2866064129236
65.3062799879023
64.0545190138185
61.5817472569282
63.0685997771812
64.816233608644
67.1565232484008
67.330493024943
65.0422876230234
64.4906108815452
64.1431613044679
67.429378611137
64.7470402592621
65.0211142184167
65.1684635706457
61.430684855236
63.6264208894101
63.3342087539128
60.1482536988575
62.6676734675959
65.6061273332075
61.9360769386848
66.6235220746988
63.9333579709665
64.5578750759987
59.9430604800762
60.8567810231516
63.9659597499684
63.5206153144862
63.8312326139981
65.6933230891838
65.5161100553657
56.4566613556095
63.2118951812079
63.1446876622458
61.6958685645606
65.2101420412077
61.0084243773075
66.6477087728338
65.9610510548256
65.8420717598794
65.1252564096009
62.9367211139301
85.2344119135718
64.0853257471732
69.770936552462
70.8796412475839
54.4961617842777
68.0441072102427
76.0195269847391
63.2312906066547
101.312515506563
58.2127687068439
49.8002359415826
67.3273863105597
86.0420591588228
56.715381376004
43.7111568702422
81.6244859047316
77.6540765454791
56.8328658545987
60.2389518001721
59.8716331753553
74.9649474743935
84.8268667489945
71.3396785141829
76.6609827516771
57.4659613855823
59.982649980639
107.133168359966
53.6787562845156
54.7740687588168
60.0934549415833
53.0489544843098
77.3532804560082
76.8010310952461
93.9503257507329
57.8375959592071
77.0536985490413
38.5817494424606
69.9820403312621
66.6080753247491
63.3080102875203
50.6727779881045
78.9985740476835
61.7202492930467
36.8237826108527
65.622783618949
58.4280884514579
59.8302661233525
70.7087400117628
62.2031432746334
100.069048676138
90.3331752566057
55.9586763799433
61.6355631070973
68.8333977287642
72.079569198262
72.0260049710489
61.2080285073981
90.5532115620696
73.2879285298165
76.482027155887
59.262351313283
62.5911342288663
63.0822685578456
64.7081735239858
65.6788460314746
66.5674502151343
67.3533758655108
67.0475841387608
68.0229127209497
67.8396487759152
67.6341278971191
67.9837474001105
67.5623560026541
67.4283510439135
67.1938341086021
66.9915005469537
66.7840825252477
66.5447236739976
66.4825066226347
66.2696198195821
66.1086410390881
65.9179553897164
65.7925580751901
64.6928490135928
65.6010280655246
65.4829808517754
65.370817606402
65.2926252072371
65.2337172242255
65.1635199040497
66.0593224839225
65.3072626884577
64.9807588051088
65.1768671906887
65.0448623521353
65.0441268962129
65.0332976775983
64.7340077348341
64.9899489425423
64.6062237596537
64.9010492734741
64.566807234949
64.7864110131841
64.7312409487295
62.4583290303709
63.6310262715208
65.1597699296259
64.991480784049
64.526376191221
65.4713890567817
65.1628705944927
62.1957004995377
59.3026616373556
68.9433367982321
64.8798172484471
65.9948674733992
66.3957705524788
63.7498309187493
65.6927726065137
64.2686429769997
66.3304846423169
65.0121836452248
65.3240135502485
65.1990581122917
65.5102007791108
65.6330923571489
64.1686594287826
65.2329736656263
64.7129322233506
64.8346959343067
64.7499815074623
65.276023755765
64.8034040874798
64.5951141259633
64.5819890003459
64.6076316737739
64.6379665115659
64.6081162204705
64.3701681226655
64.6294530241222
64.5583617611942
64.5653915998801
64.5527018512247
64.4951952878901
64.443132691965
64.2633413574245
64.4448319264254
64.4354032592258
64.4296079919414
64.4456460907878
64.4658618451741
62.3218958918645
64.6044743786235
64.7337907713159
64.9079082975074
65.0132425856064
65.0900047143531
65.1562037413121
65.6630072555207
65.4737633571339
64.7995503346761
65.2270424005594
64.946228909179
64.9229372457439
64.847335253661
65.4400442905926
65.0231221096329
64.7496524319232
64.87479036269
64.7473670643478
64.7069913150639
64.714682586725
64.3566290949078
64.6926827606298
64.6687670817324
64.6381412594404
64.6192940833533
64.6670455748703
64.5913501426361
64.1299944565376
64.5279319248455
64.524732711182
64.4872458793668
64.5813682479544
64.5971954423071
64.5511742301088
64.4948416518912
64.5603911622349
64.5798369114226
64.605682338549
64.6426781062935
64.6655099803688
63.6194034200722
64.7527289991968
64.6980194560096
64.6950334605268
64.591291156795
64.691480116954
64.728826622207
65.5831579678084
64.7080562054207
64.5555188994013
64.5238071514705
64.4208509495467
64.4607993576717
64.4611620406759
64.702681494692
64.6815917427398
64.7321328001354
64.8049317500239
64.8341087929149
64.8271600473664
64.8911896347218
64.6963044191741
65.0844588998561
65.1225893324512
65.1128610436588
65.1125232495837
65.0665980196711
65.0307058449363
64.89143398834
64.9825971654354
64.9354314293036
64.8917901536965
64.7964595714916
64.7132144716683
63.5724648507756
64.6622717127726
64.6581326753727
64.7030245045596
64.7547258007082
64.7790175284803
64.8037411690177
65.3474560803283
65.0517418288997
65.0029797394021
65.0711359802394
65.0476610352001
65.1462869232203
65.239439699955
65.834019530752
65.3905540994748
65.3966633154159
65.3607519963656
65.3354768221884
65.2177327416883
65.2392899908249
64.9931450365226
65.2139533259257
65.1207726543493
65.0503980556282
65.0329924109509
64.9299026077538
64.8542980061796
64.6432474531205
64.833538589453
64.7963559189902
64.6912719568786
64.7187094030813
64.5752915217117
62.3879280630322
64.4989230576463
64.4499852628709
64.4001853608493
64.262257390383
64.2414218437462
64.2169611759044
64.6514704390584
64.2291871473154
64.0543281395071
63.9940228426927
64.0127452358552
64.0091013995226
64.0537667940876
64.662928233158
64.186778420804
64.1658538814995
64.1806596521564
64.1614360094589
64.2426919577799
64.2164322739201
63.924690438984
64.334898792481
64.3182235278941
64.3727283223361
64.3792619878357
64.4231465164739
64.2560322660351
64.4470793612198
64.436895640283
64.6003476929595
64.4393968518973
64.5836254507975
64.6181089393616
64.6353644635826
64.7875425583388
64.6708793302515
64.6843731725861
64.71153419004
64.7041028420007
64.7102409033318
64.6880251105591
64.7133106461048
64.7238528481282
64.7596831252686
64.6283927229899
64.6607448223071
64.6225755116403
64.5785676233987
64.6184807767658
64.6204248017312
64.6174044620204
64.6262243053742
64.6238472595285
64.5317997534921
64.6954384829546
64.6451568745698
64.5685180509133
64.4854474097811
64.342900088894
64.2560727704071
64.0342700476199
63.8498861579443
63.8358325073869
63.6755055921011
63.5670676573458
63.4576323580482
63.419243070173
63.4355375505684
63.4808204600198
63.5271818232962
63.5499380692236
63.6456499686838
63.6499891234772
63.689896712088
63.8101545030482
63.8332144676532
63.8317166787942
63.8920988205873
63.8170798775566
63.7499667974283
63.8027706399721
63.896299681636
63.9721773325843
64.0498304278412
64.1398079584657
64.1603882270374
64.1631969056938
64.2168938214395
64.3400131871153
64.3253913555842
64.2822134862884
64.2612135997148
64.0951806868078
64.1585571014611
64.1127385177979
64.2400750678164
64.1731495962307
64.2062133441857
64.1880759095251
64.1624447398923
64.0961555453449
64.1438920760758
63.9257420822714
64.1128827722163
64.0840404353049
64.0609073907952
64.1422457761924
64.050690672039
64.2088197772251
64.3078739998478
64.4663776508745
64.4942037889566
64.4900262958217
64.5059862271874
64.5168124609744
64.622075745245
64.6246686419884
64.4404596487433
64.711947509955
64.6734537212074
64.6213512496346
64.6992105205155
64.6789882341548
64.7367220476562
64.6244148113986
64.7646413490295
64.7380991178023
64.76590667999
64.7643339677242
64.9657243918989
64.7377709099838
64.7708896209818
64.7352175384235
64.8005513430722
64.6302096472412
64.6953749006999
64.6874317889671
64.670158569197
64.4968877825075
64.5927839102756
64.5719149246314
64.5709396216254
64.4352803708103
64.4010484495967
64.3267415075627
64.1684972008225
64.1138340888439
64.1129761957454
64.0692805960203
63.9873911965589
63.5106780726843
63.4579564551849
63.1704384362644
63.1855774914684
62.9155451416781
63.0976019026655
63.2198900219961
63.2798371113161
63.273311255962
63.3701003178159
63.5573857765232
63.5497754880758
63.6774936939055
63.8383687604102
64.0679042904126
64.1714603315114
64.4241132040497
64.6999820143326
64.9981866329031
65.1485443605258
65.4397139503109
65.3752828976426
65.497823298571
65.4029481932505
65.6211750518395
65.3258479446385
65.3335556058583
65.2233970202032
65.2821111827665
65.1919075600262
64.9576307265333
64.821962338196
64.7562678531993
64.5771005189063
64.4740201496989
64.3842746944477
64.0890212391966
64.1424654722254
63.9021758386857
64.0079879444959
63.775427793774
63.6416533519654
62.6322521772443
63.7236695035978
63.5683204903943
63.3914001254962
63.3513290207292
63.509020303831
63.4399455092866
63.0012839519858
63.5654803335333
63.5072705164963
63.4118484008577
63.4003554719202
63.365304580727
63.2307026584725
63.4869699248016
63.5601051736021
63.4925690485581
63.5371486584838
63.8910367681034
63.9030741602651
64.1825319322209
64.4724112769069
64.6155042930136
64.6802329826318
64.9752597043651
65.1633157853645
65.0775168754182
65.1408890188838
64.9817423806861
65.0154815087766
65.0058085337909
64.9391383589749
65.2230439321584
65.0734517297134
65.2728750229298
65.1382511550915
64.9797467004716
65.3686017788411
65.2956753008549
65.4070796111761
65.628180643684
65.4163585151418
65.4423086449554
65.4138492844377
65.4413577063126
65.2385678323214
65.2246205400397
65.5062603503327
65.3476616142727
65.6018565502926
65.3528471268253
65.1352943513076
65.3549639527347
65.3473270507499
65.2027039766433
64.8854457839999
65.1603414669594
64.9708086956403
65.1753367113449
63.1780195097522
65.1634471989598
65.8399409108633
65.3280385231243
64.966936488275
65.5754558486372
65.0852707474416
64.2434378288013
65.3317068096824
65.4134556679269
65.0708184051579
65.0381091247789
64.7329364565231
65.0543109592088
65.8335955890084
65.1096499915094
64.3757832621401
64.8271847379979
64.6569186725748
63.8537909950549
64.7501478330789
64.8466062584031
63.7875242290989
64.5228179252139
64.5593814251247
64.3678690862709
64.3576662849019
64.4258057661533
63.1223266113825
64.168671548309
63.8876406332342
64.878052837437
63.9666433907025
63.7783429505387
63.6897851949952
63.1969830510224
63.2566346096106
64.2332406592326
63.932202946722
64.2690231884814
63.844842342042
62.0466796290746
64.8730296715214
61.0531189993363
65.3779397155969
63.0817706809699
63.0405806742427
64.1801877299337
63.5463325273724
65.9146642898904
61.5886566552389
65.880480640047
62.8229110186129
64.1667750637211
63.3968157549025
62.8335146400756
65.6500582616405
62.8340943209838
64.6825816867981
62.8618932311189
63.8410705934058
63.5533453286572
61.0515476799729
63.389712028363
64.5219650164902
64.3923112001946
63.6007456986295
63.5512052814931
63.2913892449106
62.1840721811918
61.8289897743864
63.1436512746935
63.4805451930205
63.7676875655716
63.4220237921436
63.0023019214627
61.8075504858326
60.0079784792289
63.4960382331407
63.6566854840615
63.6667528557227
63.6307486516443
62.6513246180727
64.6227384267229
61.728425884632
62.6051458258835
64.1004624794021
64.0627685197227
64.679115054504
63.3488423201385
71.8545136868087
63.251939845762
64.3376804390375
62.3448731152586
63.4271991540959
61.9396575079099
63.3598862837928
64.7439241328772
73.2994044617969
61.4339764698031
63.4702621038432
61.1023192419371
63.9928999543157
64.3269456572715
64.3924001972139
63.1553636533691
64.1121272316208
62.2170833640857
60.3112798330907
61.5327210989287
64.1826209923122
63.7726496127079
64.8298874276169
63.469443963223
64.5557143611423
63.5145476018401
63.3735058811049
64.7981402687359
61.5334278865797
59.3906399561016
68.3429909429318
73.3802084083181
78.0709203765815
62.8245240954039
96.8626237637312
62.2056553699467
62.46654687553
81.1850434372126
55.765549731618
78.9482651718512
62.2240989489321
78.5538565240058
59.6346984730776
57.2552624694311
80.3726916802969
58.8384614010955
42.0136827511045
77.2981334419705
49.8845481363868
87.2063842349586
50.2436395706385
95.2143601556767
80.4861346982614
80.3018677509505
51.1324175138873
51.7304784640935
72.9870323099103
61.6740323730281
65.71199741588
49.8632160054686
68.5878126747915
65.9062048317931
69.3123436148683
53.624939860077
80.8709839833908
85.2956744576722
48.8136905961434
91.2900236376912
91.2895055948209
91.2895055948209
73.1407631867146
91.3029204915328
91.2895055948209
91.2895055948209
91.2895055948209
91.2895055948209
87.9657026475288
50.6034379336097
52.3406264016562
63.4719147958417
59.11383142372
62.2514653072818
62.2963003195739
61.0545749311591
68.6393046554771
66.7447704043945
67.3966895142928
68.2328940884166
69.3703295057101
70.4568849801326
67.5522847620889
69.7025141230645
70.500952012462
70.2774153037075
69.5684660041089
69.2023617907496
69.8247819572175
68.7732524475378
68.9702798072652
68.4750166552683
68.5912148806435
68.0427664098699
68.1810294268859
67.599292631002
66.590937340386
68.4668683325074
67.056206011538
66.1112023445084
64.8177884167435
66.6407597708283
66.8934589734724
66.420422021327
66.2131505896623
65.1230945755705
65.6460603950452
65.8385740857992
65.5550060043927
65.2745830695935
65.7390841129388
65.6180595023613
65.9939629781444
65.4175921757499
64.6938235617029
65.9169897811469
65.1849696837343
65.1199820916729
62.9303485908646
64.8553805246762
64.8047181115505
64.9420459864352
64.035462623
65.6134538042224
65.1388251976912
64.7557206738453
65.0834099085261
63.7260996459873
64.3834024069387
64.9982160470948
64.3946584506648
63.82137431162
64.4189277775269
64.8828251652186
64.251275543407
64.9260355751234
65.0637492309474
65.3716721147429
63.8948157823046
62.720721495698
60.7845236036659
64.4643827682335
66.1453215096583
65.9468022516032
64.6336510608187
64.5218682477072
64.1579608877232
62.0707707244551
64.3959961302811
64.6275376048688
61.7819326022004
64.3121155972344
63.7220860556806
63.4706355959434
61.9671267295048
63.5452483055817
65.0313134698684
64.542962719789
62.7526054477891
63.9148296309037
64.9795983656035
64.9975309182997
65.3979035246673
66.4361237436988
65.1448219635293
64.4849771431021
66.5765245690939
65.6359719031139
65.0548469036101
67.3452385003442
68.9077982390522
67.0510155730482
66.3095830589732
62.8632437661109
69.2080132686481
67.4949345582212
66.6692131070062
70.857953645931
69.1492364718335
69.0136118990222
65.9903032021564
71.4715289777249
62.1338623577222
66.9732136819366
67.0160829821078
65.8611845133989
66.7069385251901
77.0972639978833
66.4684184985412
65.9880087428524
65.5388698491176
64.9207382039945
65.153093509954
64.0099045762901
79.4672287960428
73.4741963148909
63.825899458595
63.6753542388656
62.0105391006373
65.2817115724524
90.7126828835623
78.5393541814419
79.4508679353484
59.4466435820934
59.913975240682
109.952400607394
54.5930201769349
43.3402036947465
64.6221071912223
53.3805362016437
78.231350555052
75.6638929777309
89.5159333935678
59.4454794359506
77.2134689793497
35.7203234479857
71.4522996996333
64.8515196283849
68.8415293119181
54.1743111138755
64.3334441355756
61.0756759929507
44.9186951667095
66.1052759319632
62.5470487030368
60.0853811549527
72.6424441590497
61.8973269942776
95.4158542579952
96.6269801983309
57.0346023114886
55.759662003022
69.1984547575208
70.5335241097202
70.931268475831
61.2924294493863
90.4621551376724
73.0862525322163
64.0956675934903
50.169202140233
70.1335087680424
96.1305050095859
47.4817871673832
72.9717207559843
70.7938861435143
55.0995871031552
94.0613223770543
71.9201732940747
59.1986264215659
94.506946935356
60.3136142090515
91.7578121698279
59.5834101717346
61.1917323219549
62.4309805348824
64.0687021443098
65.2945416768589
66.4025074615205
67.4033395820033
67.7911474402701
68.4711549512201
67.9237512599349
69.4324862125266
68.273345616449
67.8689121162307
68.1621492639556
67.6386962539444
67.4054392126024
65.9978810584872
67.0503127251248
66.831395627193
65.3941482237324
66.4833074670744
66.144953862148
63.6401647022489
66.0328947795305
65.7176017356306
63.2102619880194
65.5547046860992
65.5676762629377
65.5855919034061
65.2597598500227
65.391722231028
65.4637053005421
65.0938117276763
65.4269848253743
65.4713903218734
64.640994032189
65.3818514586501
65.4016542800095
63.7561050108602
65.5654833135688
64.9117109114062
63.1654536210107
65.8845088377379
65.3656870212631
63.1822941093609
66.7314660275674
65.6217737691359
62.3776291873021
70.030432272811
66.2665130100344
65.5365067806843
75.1910164028503
66.7079137298066
69.5769918273451
72.7399215919426
68.581052327087
69.7252394276695
73.3131562686683
67.9672008956874
71.510796262958
70.5538407464786
68.1382660076848
69.3904672657409
68.638622012262
66.7948723397269
68.1734173651605
67.4153317311752
67.2518115490288
67.1132900048838
66.2955677997283
66.4618550408368
66.235430132107
66.0640491585869
65.9003652793776
65.5517289872237
65.6061459012716
65.6091368803068
65.4660671210856
65.2599193528296
65.0712513953685
64.864207631458
64.7540541369391
64.5934423957285
64.1533646580696
63.7741065646806
63.7874849059147
63.3579062078543
63.4819227030811
63.227804011005
63.2592575437616
63.4373406407157
63.666098187986
63.7234988038004
64.4105533776356
64.9157263702464
65.1805834884222
65.2613339818799
65.419424312124
65.6856345595461
65.7879141612948
65.6284810907502
65.4534376222213
65.2595579901247
65.0114078909332
64.7616801992252
64.8094429138737
64.8631114104607
65.0608274731813
65.0089943954057
64.7677964703081
64.6095720365981
64.6837359807721
64.8268712628049
64.8378712570244
64.8300016304261
64.76537662416
64.5165504539034
64.9270808783434
64.6018227802635
64.6363440946677
64.7903561926334
64.4750216253527
64.5221475342029
64.671491475134
64.8751620846057
64.6092864189285
64.8569795244367
64.7794169603393
64.8209435971686
64.9347787263619
64.8755067987752
64.815517687462
64.5529480267068
65.1816295396241
65.230412219411
65.3680243046476
64.5687984440297
65.1513820627308
65.5874171878501
65.281380069137
65.1798772276525
65.0480751469575
64.946333398189
64.380607386743
64.8017717212585
64.5405700367487
65.2785287634564
65.1190732694234
65.6051353886731
65.5907445431588
65.5822494439291
65.3365272678086
65.716120845415
66.1883191280658
66.2409613685494
66.4204553858822
66.3994379691672
66.3816483590783
66.1645159371042
66.2146283280103
66.1027486096624
66.2812189102399
66.2587123594846
66.2112423864849
65.8348532430051
65.6020692285774
65.3940324324989
65.1940042272584
65.5929025838463
65.9476080363237
66.2847309112065
66.3751836570056
66.3059297119781
66.870326503273
67.0971108005364
67.1744368017382
67.5867351261654
67.0920528903249
67.8268722956257
68.3170861347309
68.1305226451969
68.6037413634192
69.0103569404581
68.781453960949
68.7808532253242
68.1151593107484
68.6474259603565
68.6079718256321
68.576855073582
68.4944340685078
68.1806053247586
68.284928413756
67.76147374138
67.3695709533004
67.1489450262622
66.7721239331293
66.9001006817445
66.0847218446471
66.3041840968764
65.1649386110515
64.8608937519991
64.4497463103075
64.0631847178384
64.1247734808688
63.0357594776408
62.8925045451706
62.7541499487671
62.6498338421488
62.3750298889401
62.0300232466392
61.6251974558914
61.7070176206295
61.4665832842574
61.7846155644504
61.9048070962398
61.8964770821981
62.2513532643202
62.1591478745303
61.7701841490499
62.841391656442
62.3372276301746
61.4660498760058
62.4619194761096
62.4320335314298
62.8669335804962
62.652240980815
63.1029030982235
61.1171734402184
63.1645615762156
62.802467744264
64.6295840893002
62.9609069218003
64.3586713609202
64.7652266645763
64.9474372118591
66.6494670842019
65.3151245940017
65.3899803594957
65.4426379688553
63.2113875005732
64.8488038973131
64.2846977617631
64.5751807442516
64.5498225811296
64.8246764051382
63.1306709258429
63.565483042125
63.0584767074639
62.8304381921217
63.2129775713321
63.35600260326
63.4175807425953
63.4612977129032
63.536008349968
62.3113098978829
63.5246900733708
63.9027920262927
63.147490641473
62.7304576607352
62.5239051907469
62.7819349335126
61.2175435836728
60.7763185253714
62.4424340952239
61.8168776455765
61.6194267340029
61.1857479859558
61.8601400245564
61.5315364421972
61.5311651607095
62.4211725260857
61.5360350479573
62.1312054498797
62.3475799341885
62.0431442355104
62.9611710755399
63.8979001592589
62.5322015782771
63.3541254229161
64.3428737052715
63.0936524100534
62.5112859552371
64.0104492239984
63.8650183952463
63.3566578701923
64.5995075541713
64.299559031173
63.6192550101454
62.5496718307591
65.4983880751641
64.7026528205858
62.2345032675215
64.582248434481
63.0046937616037
62.2981936880878
62.8805003221228
64.0972696281719
64.3708499603727
62.2249501953631
64.4298949253473
65.0516760457172
61.1700449327327
63.4322067220021
62.5710361376445
63.3277150204913
63.522740781032
62.6717161480674
63.9386150462907
61.0943201188802
66.1461376340901
63.9859964395972
65.5584604114724
64.8723569683893
64.522086267822
64.2705533918276
64.1451421543078
65.0905922589852
64.5009830372458
62.8611343100962
65.2818099848598
63.947527755537
62.0640201619471
63.6861005612924
62.9893351144429
64.0397502141354
60.8364712922038
63.9746520886043
63.1139510587293
61.1856780573307
63.2429808694354
64.4511112375006
63.0059994290473
63.6059912328204
62.7232607984848
64.5267117781591
60.7576476171045
62.479528015362
63.096275254232
63.2841055821767
64.1314711144462
63.3786793037621
63.5570725522243
63.7797678765195
61.5284347181203
62.2259126423599
62.5833792332289
60.5562721314934
60.1695420098489
61.2039741980006
62.8669316910817
64.3957371599542
59.4253100021394
61.6573483856369
57.7194448156503
59.093683475015
61.320208073874
60.431374444578
61.2331662897742
61.9787179099438
58.7506280574989
59.5744913207265
61.2704770216311
61.478974750431
60.6216858598148
60.4691610621081
64.9969726335796
61.5456902173522
61.3005381375867
63.2531425220725
64.5644709833998
62.9602735561543
59.7693721369979
64.5355882250374
64.210604429787
65.8110607736699
65.2084368608027
62.89348057429
65.154842144068
65.5520384720788
63.9549993946817
66.5537747897333
65.4193572096112
64.74397543761
64.9198612573006
64.3213128845533
65.475812226007
65.313786323992
62.7424297574091
64.969870860024
63.418780767183
64.5790031391863
62.3490133187998
61.7666427209086
69.96320320599
65.1030943130725
64.6819202898915
62.9009297153823
62.2087139740703
64.3747338587023
64.1775102505795
65.9172130489805
64.8578201603404
64.9853915531408
64.7706507658314
65.1440470028453
64.812580018424
63.6635239788956
65.044594903431
65.2037857206908
63.9781318105536
63.9232134336462
64.857930783011
65.1998684278581
65.7737213777338
66.5785339615743
66.0100350754763
65.3981168383808
66.1614584082343
66.961464570685
65.8307951336806
66.214753103953
65.5055767124402
65.8940284688417
65.8092495560284
65.4382632076332
66.5420687162139
66.0413809336556
68.8312348750742
66.316757552312
64.7470122156305
66.6098448939066
66.2566308151981
66.7354890527151
68.0822453450167
66.5785077263073
66.8385801286055
66.7602116264534
67.3293177570662
65.8239975429074
65.4127957950954
67.3107642549485
66.4780614332347
68.1391844184215
66.6767154705431
65.3553403264713
66.6269475645566
66.6341868684267
65.7819157704851
64.121984606846
65.5628646229104
67.8365083911128
65.3278028532031
65.4230237825027
63.5722886392951
66.3014647862559
63.2754387519954
63.4247246522943
65.6617202786415
60.9469809835004
64.7335218400305
64.7086141150089
65.775124957915
64.2784329660588
64.4632216192265
62.8231564446628
65.1820406376973
64.3333365075101
64.8809372159972
61.9642330339872
64.253236134899
63.6934901612124
60.8143526052908
65.4661741302608
65.6531110913161
62.5650445378924
67.9012556369485
64.7821871527576
64.4389108448032
64.497941683431
65.4952934343038
61.2517853996514
66.1796102271031
62.3136795910687
63.9908769913668
64.1964233241378
63.6411167296329
63.144980728936
64.2782838382236
59.8154152732859
64.8469217913709
65.3849398094102
63.4518265530868
65.8533229814698
69.8207788386122
63.5736848686604
65.2299350859935
65.6973061419682
65.2173314693086
61.4422588149046
60.8210266260513
63.0520478191759
57.0730102857266
67.6833334090662
64.9800160067561
74.552076988423
64.8091068533821
65.2401323986803
62.8661298811535
63.7490908212344
65.068773994699
63.1479934178382
62.8182020694909
64.3160340330491
73.3924273512181
63.8821499745658
65.6009030205855
68.130737714991
65.8149950059259
64.0697699337312
62.1032812869603
63.6264298315308
75.1222117901514
63.8134066733162
56.1804936652392
67.4401414680989
65.7183242177795
61.7212821867528
63.6269956132963
62.0575930762247
61.3424236217203
56.9867281303
60.2252482322225
74.8644118196968
57.5296121279048
60.3868015770393
58.3677554642555
60.3920023910564
60.6722338251521
58.22280413524
56.5469601671352
58.7303967071389
58.4187153338826
102.695489830477
61.1228180089758
58.4886689069432
58.3283954154547
53.8746716072715
46.5588213650512
69.1170898755304
59.6525582855143
108.121736297458
35.11082666757
56.9880377675084
66.5944645069647
52.4560584713085
72.0911459507993
100.501771244349
75.468175708958
48.6299649789324
42.088012604597
82.4469451766755
52.4408230920654
49.2640580852075
63.8454827465868
50.4704050574857
55.8381963019983
58.8076913834763
47.0735660134668
58.6011459316541
80.2198420253646
51.13868193064
59.2267565080967
75.2403917219369
84.8777638337529
76.9092312155963
56.5650499044332
115.88615169998
29.1882623196939
81.8021150599794
75.1427047635674
83.4376495927148
69.3435097714173
75.8334580502572
80.8228024044214
64.4240526265797
52.2153409162292
77.1179008170075
46.7564964483732
43.8849278813372
73.3004866043017
42.3201983327706
83.6384847198924
40.8182746029355
92.0648571108383
79.3457094101528
75.5919386925602
60.7236357656767
42.6134928573674
71.5130611175375
60.5606223768988
52.6136038150881
50.1060298685868
63.9369055093357
60.0422929087326
79.113504939869
91.3944007886209
57.2619535138914
91.2895056944285
91.2895055948209
75.5274565114814
78.4883771604945
91.2895059638711
91.2895055948209
91.2895055948209
91.2895055948209
91.2895055948209
91.2895055948209
91.2895055948209
