109.55689754162
69.8914460441618
60.2294026220084
75.4939481149278
63.4683809837499
62.2179996911806
68.2223617779447
66.7040143244234
66.5264858516755
66.6424318943964
66.5582660345977
66.2211401413776
67.7906126159107
67.5737376827777
68.4322242185467
68.6363869262977
68.8489688354384
68.8032407236485
68.3637722345271
67.9118602301895
68.0489162385285
67.2870459055078
66.306765408277
68.2342893872689
67.8286392853748
67.9016635579096
66.1970855692945
67.464012937848
68.2759616833517
68.0773221361915
68.7981228653256
68.7247346956645
68.8966987207786
68.6868414767233
68.7840515563093
69.1810447983761
69.1544562697859
69.3244565644135
67.4665755495916
68.5978824082357
68.7605702427492
67.8364278216484
67.8216005343712
67.7299633320515
66.8536567448817
68.0308617424537
67.8005638822486
66.582347126604
68.2906821679762
67.8308251148154
68.2990132135446
69.7005721206495
68.7945200214108
68.40971279881
68.672150000712
68.3496843811183
68.3292343490098
68.3804193272692
67.6383781137358
67.7621238410982
67.5615442590176
68.172364902725
71.2955546063943
66.2394437052492
64.904092038448
64.0162442604218
65.7746423724792
65.8560436742013
66.4411195055937
65.7889993213151
66.2364793406861
64.4776455453457
64.7118939172472
65.1445498682916
64.8848940127435
68.1012433127541
62.4607822401672
63.9032464438869
65.2572304231748
66.0433522379395
64.9939601853097
65.3918861290943
65.1768128570231
66.9420881027266
64.9534896238533
62.0823923225225
65.0154275994428
62.4291791394888
65.6786584671442
66.8678278440677
65.900965498091
71.2376465850979
66.9362968480197
61.5417381227638
65.92992847957
65.1853795820066
64.6530891665937
64.8154281843733
66.7752962738316
63.941783921714
67.3589067296298
65.4851690523957
65.9198964852628
65.4112957649997
76.7047831501945
64.790254724598
66.9151060116621
67.6118918372919
68.5443931276501
59.9832618928134
63.7328312705637
80.9216740802986
69.6200113107893
67.4808285156959
65.2040681962543
69.0989198347431
67.9125162849082
64.2049657634093
69.6155403855648
65.3653364640974
66.4929026781993
64.5331095182455
65.4565154575753
73.3998348464086
65.0567344115895
59.8317817387209
67.0904799562392
72.1827166971435
69.4337758235427
68.2709203795354
69.5425330788317
73.8498321482024
82.9121377363147
63.2921055528356
70.8597889982277
69.8496984887473
69.072036132683
98.4404827782817
65.2265882998742
58.7817926168526
64.8371815926415
67.3946229181042
79.9382391623159
74.1786364460934
100.618497703875
67.0195235564791
75.8581221154602
45.4959168815383
72.2589911167521
58.9839423964268
66.298976620364
67.3033449876773
76.2866438595004
62.7788815051218
48.1530018300126
69.4221324105952
51.7919464162635
60.5670503897531
65.5166260353293
67.4572810464561
86.0717331340127
99.554892598256
59.5447191338461
66.2659046801436
66.14438417071
71.5402376997695
79.6740287500848
73.3473459386121
75.7067552804518
76.749984744984
66.1560891244737
60.9584245479783
66.2193421720947
104.153092415279
70.7340264871811
92.881058170505
74.0617611240218
57.9525783294911
95.1063952293672
75.2293644211561
63.463586684779
90.8625873093097
58.7541957499842
62.2206301395661
75.280476229223
110.54973894302
94.5902151224048
56.9261151554224
52.3213072262407
71.9173334710356
60.4795249329369
81.0252013260828
68.093355089283
91.2044404719811
66.4511343921573
62.8356399158876
92.4687742092332
69.442164864781
61.6453726964688
53.8864472935285
60.0225749790368
59.3723534811552
60.0120730017724
79.5583315700111
48.3588133295234
73.036790993952
68.4491385317665
60.2658157029628
66.6358740455134
59.0259968518527
61.7977161001837
84.3388780890041
79.6394940341194
71.4591403074739
78.1350850171951
71.6654025983158
76.2351229711613
70.5526518264478
56.1689064956169
74.7165890573872
67.1410282363348
37.3724361851448
77.1686996984262
50.8810152426235
74.8497246707325
50.3992946656404
55.8182947889447
81.492395037958
92.8764403772215
78.7630610046016
110.380200716697
45.1072494942156
100.221180451606
75.9973322906423
52.1942388332126
89.7935180614275
74.8861442667964
79.2118256066711
78.2845371634425
37.6097728861764
43.8787271438269
44.7760258722651
56.1728229870066
53.2793535909171
57.999930547619
53.9075341363583
68.2174579694472
72.9170632057951
83.5713424158524
84.2750709784727
75.2527018165604
76.2648763418211
59.2189080912968
60.5772332263532
61.2580863219208
62.4107584800762
63.0014407124953
63.6457465649685
64.170523796093
64.6525081362907
65.0854775347383
65.4324802373208
65.7941114786055
66.1729114058069
66.4210256920618
66.6154608671512
66.794493594536
66.9837127126724
67.0430697422514
67.0377522677456
66.98610546029
66.8826515170738
66.8702124454586
66.6865444160194
66.7218254508861
66.7477681935853
66.5539148257045
66.5595268836615
66.5555469197274
66.5536662934659
66.6565465682033
66.7363408983368
66.8825787107044
66.9687028787022
67.0143228962093
67.1155495174437
67.1506371505177
67.1484078647952
67.1632820852661
66.9187685480977
66.7019858416154
66.5051879027581
66.3164906009278
66.3418016184703
66.2987425587935
66.2956376756017
66.521137712375
66.5595982337575
66.6164382910498
66.8080959797058
66.855787116815
66.8936161070208
67.0000333314293
67.0071283733116
67.0219239677923
67.01321583405
67.0508455169449
67.0158766416099
66.9339906443442
66.817323992347
66.661441328838
66.5372271683593
66.4004550167948
65.906858804248
65.5563823105583
65.3380850192813
65.2510446357375
65.2989259349126
65.3077016059303
65.2813158260075
65.1529154720935
64.8981347786686
65.0103527878694
64.9238030093477
64.8906039566893
64.8897174813557
64.8765941611816
65.0415681822183
65.1875329143288
65.2313100113434
65.2524039193804
65.3163712300561
65.3740110534717
65.4519294730891
65.4663409662249
65.3480052830463
65.2707023928426
65.3774975276188
65.2837401136179
65.5074480950275
65.5120477445372
65.6631286093811
65.8769875531379
66.1720288293053
66.4603643400773
67.0165194370747
67.4626799917175
67.7325832535224
67.8782766059726
67.9805625913948
68.1224535614455
68.1097296828451
67.9987098759442
67.840473042267
67.6173131304853
67.3933401693884
67.2117688827018
67.2505101033853
67.3065404522559
67.4518139229747
67.4043270592401
67.2464771177305
67.1029566493966
67.146972022793
67.2416483391291
67.2926755482682
67.3311188025312
67.3765982348905
67.2921776098159
67.5015158652782
67.3261955900814
67.2352659523791
67.2345721352116
67.1689112917383
67.3392995658191
67.5780514353256
67.800191581885
67.8085534479625
68.0161092952404
68.1183846251751
68.2700908430431
68.4098568986048
68.5380395147781
68.6437676334879
68.5987770423417
68.9674069144694
69.0724929495644
69.119681129846
68.6875043227731
68.90958119343
68.9938916847355
68.7921814037734
68.6575538776791
68.4844344378919
68.275849108658
67.8199159852062
67.8874251985359
67.7659010654301
68.1528797345485
68.1429707360043
68.4634777261186
68.5219636554301
68.5727777624173
68.5473214917863
68.77434548706
69.1039945355187
69.3082826852954
69.4517798551164
69.4309844633124
69.3979680009232
69.2539413384589
69.1974091773137
69.053963990359
68.9354131227843
68.7584159319278
68.5500690334297
68.0690871869319
67.7021361517761
67.4164079597684
67.2092215379406
67.4051328385669
67.6314443111763
67.7997714527482
67.9105112964939
67.9920089214452
68.3647044468687
68.5341743310264
68.6141283209671
68.8590637442424
68.6449590664141
68.9401607042468
69.2230181753718
69.268981639165
69.5042496318809
69.6908490187315
69.4895042305502
69.3224126600091
68.8893976009362
68.9834332757691
68.7897170965102
68.6552666365231
68.4600405866973
68.1363606907845
67.9848853346935
67.4869488306965
67.0662601215463
66.60124546633
66.1750760818065
66.0077042342641
65.3844110278368
65.1148641741507
64.2881454747166
63.8315523036889
63.4036613976737
63.0301116428031
62.7620209321348
62.070528808057
61.7749000466528
61.5606458860674
61.3915661157807
61.1333936715703
60.8137763916608
60.5463129785907
60.4836801576673
60.3219182832005
60.3698117456182
60.4126992394729
60.4143709849367
60.5375942657118
60.4928369859605
60.2989291182169
60.6442258229885
60.4412466276217
60.1655558601365
60.624150225207
60.7144340556736
60.9622094401384
60.951040922103
61.1783241690769
60.5308643329701
61.407591959396
61.4696684177737
62.2452959596085
61.7363007252352
62.4348969293906
62.7451995843557
63.0089834337963
63.7187586776347
63.3781334682981
63.5019453076377
63.6292294619027
63.6477825886319
63.6875035916667
63.6265019487947
63.7728396790993
63.797428361077
63.8835489095794
63.3087539394829
63.3669053944012
63.1712476183492
62.9530025985109
63.1045599240471
63.0509897051254
63.0017746149082
63.0030235730954
62.9833710745475
62.5126086674151
63.0062181735289
62.6829516143313
62.2909280311365
61.9640032083955
61.5189912121409
61.2265254455134
60.5679641290647
60.0589516891923
60.2315264029
59.7877550795548
59.5189455274057
59.2273274237866
59.1633623614007
59.1428541618378
59.1624294585527
59.2223738897163
59.2243278451489
59.4736693704245
59.3652576720836
59.4910341193178
59.7917289269075
59.7706081306855
59.7144150275561
59.9735371717411
59.7658817670614
59.5770531093153
59.5326071189835
59.753124379516
59.9014844908724
60.0499513165253
60.3326827896773
60.3231427380725
60.2687730941625
60.3842375939373
60.8023795382065
60.6155679349126
60.5254419249942
60.421562542039
59.9061385045109
60.1050195337418
60.011080226542
60.4701461977951
60.3779741348286
60.4518655680272
60.5060831705817
60.5498225191887
60.521761607157
60.637451270185
59.8426412849984
60.4178726073825
60.3395999419708
60.1818551311902
60.437594714515
60.0124776129799
60.6492844602318
61.0515889876482
61.7297883998337
61.8043605379724
61.8582159326912
61.9480049628137
62.08505887794
62.3609876826872
62.3295144415953
61.7937614423973
62.6676271806799
62.5285987984223
62.3481781353799
62.5149812836558
62.3135922081502
62.4962548033782
62.1036218189796
62.5195152090896
62.4726453806024
62.581143539752
62.5900952608481
63.2321858770546
62.5313672444486
62.7181408230026
62.6810583906346
62.8997912981104
62.4641939493175
62.6773372197121
62.6943758651513
62.7186910798519
62.2723958546488
62.6284104167925
62.7053079861897
62.8160527199353
62.5313198720994
62.5938745735276
62.5552431003324
62.2638521491244
62.2617957144962
62.384089764433
62.5403463098839
62.5969494433936
61.607188726875
61.7523430285645
61.1549277941049
61.4495239972283
60.7167006866407
61.3280010730433
61.3861886420922
61.4319038168908
61.4584720682724
61.225410399726
61.3462747928036
61.2363146165074
59.4705573469903
61.0492153641107
61.7119462431857
61.5953957557617
61.9478315056579
62.1660174529025
62.348475920732
62.3215938366897
62.9835308761539
62.5640910064673
62.7056806727486
62.229339189482
62.7782233782624
62.3470393824899
62.6589348108331
62.6462762883907
62.9221724802128
62.7895921874046
62.5179011776217
62.2903961146513
62.3293145809251
62.1061616015509
62.2448112468372
62.1829944809504
61.6320909146784
61.9913415953619
61.5900755946925
61.8449405512417
61.2955010627142
61.1774354107465
58.7809991475845
61.8091998698994
61.6051931566361
61.2128536618174
61.0679631445031
61.5101753249436
61.4501025677666
60.5155360355822
61.4701530525513
61.440983969149
61.2935742414841
61.3328820254474
61.1189384544176
60.8755062260589
61.3794546257618
61.4587953676725
61.1534810921974
61.2345626987569
61.841656980742
61.6657376569931
61.9975133555809
62.4123819383095
62.5016035483658
62.4097398527068
62.791617225273
63.1145657370772
62.855523053961
63.0397171709398
62.6946189790654
62.9084737533262
62.8981638956749
62.8335006478461
63.3558458587488
63.0294680162796
63.4878687135249
63.2185416695549
62.8464169395326
63.5306915155678
63.4026627112465
63.5980635113685
64.0747641000118
63.6602320759245
63.7176793214716
63.6719465520487
63.8615937826859
63.4340008488114
63.3695195740146
63.9112925904544
63.7279097882333
64.2732313114629
63.8556129935948
63.4582180777738
63.9582443500746
63.988671425616
63.7831570857498
63.2992039738209
63.7619030970409
63.7090361269325
63.9504835221372
64.0058118089887
63.6687206463626
64.5588711690252
63.7468998963131
63.1730729947103
64.3160337133639
63.6246224902623
63.9795210928441
63.9057121379327
64.1084702799932
63.615748641315
63.5756224933574
63.2469658107483
63.8260779383566
63.5646761533983
63.7279991526529
62.7632347289364
63.3818053610603
63.2657884908481
62.1642481285379
63.4456427521597
63.4835303551713
61.6931162492307
62.9539688335933
63.0136818258324
62.7893153112471
62.6835969712759
62.8294690477517
61.995249796791
62.7609713479487
62.2618091474511
62.7985480160726
62.2259798651692
61.924102342949
61.7694364075643
62.174630691242
62.929869637628
62.0485189239065
62.1730526693725
62.4954755284146
62.1599481602216
61.6141638682711
61.4416942062556
61.9361618059061
62.0337453199909
61.7816431783566
61.0744733891034
62.5143982275422
60.7462431827376
60.7539936138706
61.7623362332459
61.4339343445525
59.3346587122656
61.4676092540704
61.5011236748267
61.5549812255221
61.5033287449568
61.3882649653773
61.4388750884739
62.4115201569012
61.340090434463
61.8848469117587
61.17284231183
61.5351230650184
61.9097523550932
61.6628200866211
61.5166099481276
61.0599746355761
61.2064820148923
60.0759478771707
61.1278937350475
61.8776186571058
60.2511051977039
61.0175546181839
60.434048368839
60.2577899899688
57.7938885418263
60.2919442102609
59.3930295267091
60.0837295579733
58.2906573110014
59.4805080359212
58.5035901514201
59.061679876372
59.190173176513
58.3233975458255
59.8641547366516
59.5149357959418
59.7470902559158
59.019531035236
62.1517590831204
59.6961517922914
59.4023924634305
59.7134601268002
59.0833184804834
59.4515655410267
57.9254419464925
59.647048096452
61.0291905107422
59.8607916689299
59.077913032069
57.6715134669227
59.163253156785
58.9117052475857
59.5990994497642
61.0107277330279
59.9186077213903
60.1117714627269
58.013682059438
61.2536727361536
60.7514580247687
60.514014362318
60.8830974923998
60.8184764552269
61.8332459907217
60.6438164917365
61.1702890057616
59.2223257476709
60.8374279154647
61.0844161875627
59.8723336425387
59.9224860717939
60.9843869643301
61.2866513445116
63.5360373319605
63.0653394452591
61.5001975287616
60.8466257697203
62.4725998771848
61.8872571372034
62.4996649277151
61.6358049093369
62.5270966206573
63.6899421976496
61.1650107117102
62.8233848673211
63.2385498223286
61.3795103259812
62.2460964417358
62.2667843120142
62.1973499881915
63.6089880688373
62.1249570352653
59.6891719312275
62.7289573624505
63.4634134557067
62.6033507800939
62.3664570219901
63.0843316938457
62.9656828780993
62.8237902087937
63.1675062609467
62.1775045231731
60.1381946147843
63.0467536006093
61.9791781249472
63.6103926211779
63.0118226788419
63.2446447544022
62.8971637003727
63.0175942758865
61.7880865264911
60.445749424198
60.9680806660981
62.7913261445107
62.5525716631426
63.3036207539114
62.4264852550138
65.1299586429677
62.4407568966784
65.1803706689855
57.8231074279458
56.0243579455326
65.4208014368226
62.8959100418174
66.8707083348567
63.1155773507797
65.0849282457464
65.5269814640147
63.9408214540271
62.9876820175675
58.9730248721171
62.8417968085629
67.0409915878795
59.9746853261925
60.47323088551
61.8509214809963
67.7784783507208
63.9569360025069
63.2818770030863
61.603281682622
58.7011080294012
63.0390511152285
62.1326220033259
60.6173742811292
62.8077571693547
60.4216457328935
58.8234208547969
58.3050388099073
65.9652823098472
66.4696545248892
70.0299547266915
73.9893890244819
62.4693416043627
65.504631055213
59.4659387557336
63.94438727777
77.3759590292648
44.5162017167024
64.0996518351956
50.2242192455657
59.5095449582269
73.1706135683471
63.6142372826521
57.401407669484
92.3162039008312
52.3102621480194
60.9294437298333
77.1747508179891
60.1994556650788
61.0711896589562
76.8318848957531
54.5803782723694
59.9626962132226
49.7729884205613
45.6026379431822
63.9779008721532
60.5968696806764
43.0396236735132
46.5299608344429
93.8815738890771
64.0581467123514
56.9655084827021
51.194114383722
100.12176239039
58.6448310127586
70.0946125337183
97.6740778141691
45.8282007810919
57.751224244012
80.0098917152494
44.8691537251038
45.8940147541341
91.6024451172847
58.8885255989876
51.2199893686011
67.0030235464633
72.9720962358251
51.741987666792
59.098225269965
61.2846446462164
52.8510933875021
34.9613350706955
39.5749491369803
40.6726836952299
86.2477914620627
43.7692725715805
51.6431622107929
45.9149924939035
72.2095397569178
50.2004356961281
52.8789693094898
51.274644021206
57.9697981560495
83.9308398665915
48.5409277102011
54.7785225790823
81.1587121036686
64.585885137425
33.0419300056552
57.3498496720158
63.0469788649296
44.9028948736569
52.3374559270155
49.4418343376445
71.0961417864347
59.9407207423058
68.5179342015757
44.8716505356453
82.1826259128672
35.5570669116716
70.4484835105892
111.387334740804
68.3778149130839
35.3572962104256
63.0537945030583
70.8779879405199
78.4936542528687
46.8039448618765
91.7273727850837
92.0911180593179
62.5570129583404
58.6835265290673
54.8991387625447
41.90828039861
55.5316281928774
67.3460359188653
65.5392826199352
66.9663824177745
79.79997230381
56.1234450749686
40.4781458045275
55.0320418969948
49.1510610010783
75.7354185492839
80.6140840155399
81.7806294215381
75.6391872511458
72.634436486385
50.1932337091528
45.0499433247997
55.2007220796801
87.3794887998343
69.9834788114165
71.8328139726696
64.5518625844656
66.1799826138566
95.3200218647101
61.5218758665721
82.1408630445061
56.2898576557146
69.3283556810669
78.5532791229333
54.9855172168532
52.5241621105079
58.9210275410929
62.4535953668171
67.3534629497732
66.2068563388273
67.1938743234425
68.2364449180491
68.7811132076106
68.6008241667452
69.5764303486459
67.5738969423562
67.7702386820915
68.4407330477972
68.0543353497868
69.1164640979577
68.0095847373534
67.2404532249409
67.34590017087
67.1077120491268
67.9944042420407
66.5848552216763
66.7692532902503
66.4767138641266
66.2535402303545
67.4084823309529
66.8936659978598
66.7783862088304
67.0583467913322
67.2442854791312
67.8295317526403
67.1851134396406
67.0622040429098
67.0363940328079
66.9253046985632
67.5034769132083
66.5245868680114
66.6337732844533
66.7632197132731
66.5160998154745
67.3986519676294
66.8061317303648
63.8147568887041
66.6389567985429
66.9012212440544
67.160293299869
67.1028225816682
64.7693308031339
66.0929927471402
67.2869405684429
67.2968430695163
67.5495383400318
65.1698674200471
67.0380583383955
67.1401121408012
67.0425478014178
66.6037851222714
64.7279090050352
65.7782697199064
66.1167310909087
66.0746542708951
65.7897129454664
65.2919812706823
67.2143472387925
66.9467077449063
67.2509834572976
66.1793778858405
65.5658861135538
66.1629362754891
67.2113523717191
66.6608908578845
67.4732030242275
65.3662454891609
66.9042752300441
67.2341918525507
66.4706652844143
67.7570847610525
66.665637491646
67.2187797351567
67.5961767599692
68.3575892037555
66.9777101163729
67.2245254288712
67.6111874227879
68.680198303663
68.2686564872993
67.8125883771158
68.0935017359414
68.6705388705467
69.1827176343872
69.3792681484922
70.1377960416315
70.4185021589718
67.0941899058463
69.1864139058245
68.8319103791164
69.403363385523
68.8221210127102
68.7629126278595
68.5497099490309
67.3089070936629
67.7266111504052
68.7071662973642
68.0621390027314
68.1669102389792
67.2104812455833
68.7567400461561
67.6974196099035
68.3001174453385
68.9049546957728
67.8848959063997
69.0064365321046
66.5355519456549
68.7428770040245
69.8089777989853
68.0598727308858
68.9832605100273
68.5809853710369
68.5961179312825
69.6589264700904
70.923511840875
70.525630513311
68.4158862140857
70.9645303655912
71.2478944459115
71.2651921731927
71.6219874930864
71.1937137002567
72.328044596792
71.3101444017454
70.3189514170114
70.8523897783867
73.0144090298348
71.6762940112113
72.7150454226712
71.6280545012676
69.4811553032356
69.80131749937
69.8118617767058
68.9296601089081
70.7449955702496
69.716313987025
69.3975460401466
69.6973652761448
67.9868911796945
68.367973658382
69.2545495612489
70.6728319272449
69.1090651283324
70.1930670359963
70.8828299366307
70.9535445568685
69.3526290937489
70.6007934750018
68.8941928985534
70.6753112896317
70.6626757310821
68.7489471413349
70.4585655813619
70.2000778993075
69.203353684919
68.2286822225152
66.524924943863
71.1938912329628
64.7193725724624
68.3416603647564
69.8451419719166
67.5055007112688
67.9681275640709
66.8573943644009
66.3034653955494
67.2090645563526
65.5375568953732
67.6671073279502
69.6709301104518
67.5772942398257
69.2953944829046
66.8828594618502
67.1703656852645
61.7537853628188
68.5523417512001
70.0173660404233
69.1151473751667
66.6451494117871
65.6173459763086
64.6523326141302
62.1846596475293
60.3730423262295
65.8665077038494
73.5025249486635
62.1750790993738
72.0823296408392
65.4365768043279
71.4932389634117
62.8430245000213
60.5160965789114
61.6498414508921
62.1102456171148
69.2431932500039
53.6593853126315
58.6680330889731
59.1939400610465
43.5619087924262
65.7228088158346
62.6371560060885
58.099833578214
63.6712829965235
65.6732105699787
64.8394799703368
64.6448427667218
72.5441568974522
60.63705866247
72.4508989666643
78.1544113401106
61.4592746041883
71.7775802352487
54.8169667679125
39.8822791271143
81.4422586282082
48.8473005401112
77.3993593652259
53.0214504744543
56.2252105320312
79.869701605497
101.087575971113
79.7850195265349
98.6644184292513
45.9158849813334
98.9550615664602
75.1545845080583
44.7429075096221
95.2451493418476
78.5313993818213
78.1197490151692
77.9136684809258
33.7150716424496
38.4012973868035
42.2391769784212
51.6361423741577
50.808447782144
54.4190077506515
40.9843326272436
63.3197454748659
70.7957705932157
85.0161233325139
84.0423209157996
71.1373173819429
78.0522640686569
80.481641372941
54.985000414369
63.2412089576968
84.6980128591794
65.6438219149094
39.5517966986651
47.1612431251545
59.9780289973521
87.6297021382128
76.2116973403524
82.3540025547391
50.1481687351151
36.7533711404133
46.1086496746249
68.60541336414
72.8327100686924
52.7611877620985
88.7968714969543
79.4998904339575
54.3003745333183
46.341776909611
44.2796759600229
58.2063161381987
77.6955352023605
88.7041320718143
56.1682812755912
66.1361299178188
38.4329383168905
36.1946718442976
82.1609772474569
61.2925713918648
98.1934569787036
53.0419550498427
58.4847110401334
83.8212671352309
48.2215553280037
71.9018089634309
49.0541199143373
39.3432666744379
57.3604874644257
39.6937471317422
109.544137759221
60.6181203259157
56.4931057276922
85.4898507968141
91.289505604032
87.1737576647657
60.4394556870968
63.5555546335146
75.4964006489716
61.2445859761643
58.5431404424427
56.9402850274505
61.7915277079345
60.9759372988151
64.5597088360472
64.2051594281251
62.700227629037
67.0062109391448
65.6904864178471
65.6605677721619
67.7119586888138
66.6935625146994
67.3158107561727
64.1994528792655
66.6724840868195
66.1934087218762
60.7822829623649
66.099939233415
67.5025485372198
65.1273888915354
67.3878790714247
65.9440282071702
67.6455450361542
69.1832748973575
68.262972990278
67.173380965558
67.5879512195663
66.9043903613302
68.857311128388
68.0243428962987
65.5085057666305
66.6757323208639
69.4925834616855
66.0217645699703
64.8140715862553
67.7181618640784
65.4214768236595
66.0437321501582
66.0706897734262
66.1295915129643
65.5474036215643
66.2564555580328
64.6741157909464
65.8485776260373
64.5319078089151
66.8343351356711
66.1505873704264
65.87882761067
63.4835872912359
64.1642622786774
64.9266726125244
65.5580051954616
68.5654168439616
64.9402004756334
62.6074731287066
66.986817013547
65.2572903914063
65.8120885143113
68.2699274055691
70.2261197632905
65.0039039551431
62.6943692985563
64.1998210299285
66.9415318795475
67.4033632443425
66.487989578207
65.0216418420422
64.9713122863057
65.425481178984
62.2404282440253
65.4785379603719
70.5263061404805
75.4878972885004
59.6660771062384
67.7978757297595
67.9646318192965
63.5487871754204
66.1443930848185
68.0310950172259
56.6282061156717
76.3502498628737
74.2397893255777
74.8028217065327
62.836046911236
59.4503284718466
66.9335730761827
60.9240825504709
69.4061771448586
65.361621721393
76.4943942482336
53.5755984184898
83.7463244707084
55.2047170524611
62.9730059169707
77.5351363708923
53.5327534538372
70.3904799599599
66.1266195814124
64.0671733940321
55.6606256498185
68.8339261501924
66.7306627591021
76.1820310597902
65.3704204673331
64.643060594518
57.5967112767211
91.8318698218645
81.9081710097546
62.7642294224113
79.132421835501
63.9119608139506
58.9597274337512
67.4316641650863
88.3678740090404
65.1022342604207
53.1804062595716
71.0525507190393
62.3131865448562
54.1339523274452
66.1785125140673
63.2061428075452
85.0214312668043
81.0920484528441
64.5316657492042
67.4016967588714
92.0071375045094
60.3534497305207
106.823345891129
61.470572734415
52.0141961330894
79.1142663696127
56.8921248606845
76.8936833712783
88.746696403446
114.379058715615
57.9483303755199
75.028837306883
38.5550873949689
80.6670328607477
51.2800041723066
62.4005395161163
59.5032344689265
72.6622575949991
61.7013155184907
48.8325297261684
65.2705355319411
53.1867319251524
60.3123093086653
68.7711371596581
68.8489198696753
86.9573464062007
95.4053069489637
60.1122956829617
72.5773858024811
64.8151812456175
69.3530264706875
83.0481819323349
72.1476586803168
77.8153935800728
74.5831053288085
67.0261423603649
60.5269802808377
105.456532021141
60.9267400136057
64.7089023687553
65.7388285907572
67.2846757086461
66.9748553040971
67.5026941789739
67.9149022574469
66.6446514490519
68.3874477751093
67.9192981585873
68.0394686115967
67.2201205995768
66.9207334168978
66.6155970506798
66.3747942112992
66.255754305364
66.0034081169087
65.6794799399477
65.5004934826762
65.2491655449615
65.1310649150992
64.9562347807418
64.9343460118365
64.8256614756748
64.7136512536
64.7128892913803
64.5022037220466
64.5570341203598
64.5313859839617
64.6371851872512
64.7066420970094
64.6882259335933
64.7856871541608
64.7569030227971
64.8159975219995
64.8358146334517
64.8921713327636
64.8197560054382
64.7252814209367
64.7432149362354
64.5653111461351
64.6847466304689
64.6591202921255
64.7671136138205
64.8105697835111
64.5342379854391
64.7996360024075
64.8729075865421
64.9193945727365
64.9465051840357
65.0648435949673
65.0875638512787
64.5710933907168
65.0209742864135
65.1279446429136
65.1197859017352
65.0901272317831
65.0973716605068
65.0544777899024
64.6497990884986
64.9114561176914
64.7922056059681
64.7065604891683
64.6199002459943
64.6331668874815
64.6484480681753
64.1235605009087
64.4571740236511
64.6469643927958
64.407723311967
64.5043610315711
64.53140300114
64.4879148683107
63.9938539747232
64.3607985366866
64.5830355259344
64.4782760261145
64.5455509627689
64.5936675814717
64.5684406058578
64.0062145621642
64.4593622200127
64.5803113366934
64.468871828719
64.4751497348421
64.5189142594634
64.4542003294099
63.8570248268695
64.1331546809516
64.6389177853541
64.4558338654362
64.7508817356888
64.9817679557313
65.1484248649534
64.812828156624
65.2361309957088
65.4888518825732
65.4322509876417
65.5397285967528
65.5285418888127
65.4407822664579
64.8733867681728
65.1457355656452
65.162471176796
65.0247333723261
65.07681598126
65.1451912892362
65.1176153255198
64.5859607291658
64.8642907975329
64.9813628585689
64.9401232393544
64.9701105166204
65.0475486990976
64.961996051329
64.392741940447
64.7922060725832
65.0549214512004
64.8656897037883
64.8720514653534
64.8519251290107
64.8412878795744
63.8771668550255
64.741158186389
65.0896177736147
64.9857607252216
65.0899635423544
65.3220763485102
65.3103969015725
64.444087472203
64.791887447461
65.6866628925232
65.2534722008936
65.524889823244
65.701877119594
65.651151264297
64.6371829125329
64.6241198186844
65.8681874237724
65.2972508492413
65.3756660959505
65.3089326815971
65.197599801963
64.3976960443473
64.7360104237201
65.1053922510042
65.0509609052544
65.1620624463321
65.277845047515
65.279896292249
64.8277033078877
64.9752228769931
65.4314271306373
65.3890905689434
65.6510406777765
65.7251049221928
65.6444514978977
65.2550293733139
65.2636603123004
65.5201491110085
65.3560680423184
65.3549875446584
65.2902351176668
65.1446537971921
64.66681242631
64.5927556840024
64.8108283881292
64.6194794575362
64.6883578189048
64.8125147664737
64.8216812383307
64.6991710916401
64.5284021156666
65.131955864422
65.0710632781759
65.1717402804699
65.2615794173441
65.2065314032464
65.0432133144267
65.1385718647635
65.4849896817787
65.4464780338179
65.6274925678001
65.6099785896509
65.4850100171082
65.1297106608212
65.0139539701626
65.47976555015
65.2118455290533
65.214668936093
65.140436499192
65.0593735121095
64.6610962029797
64.4732271863441
64.9583674157815
64.70960009507
64.6647197967572
64.6062233172742
64.541509053442
64.234855664897
64.0856223402106
64.5325690769241
64.2912624737538
64.3027605249942
64.1934329129784
64.126433188623
63.8281147342898
63.7047770604535
64.3073450994471
64.0038352121048
63.98922435759
63.9840063163749
61.9117247881354
64.0687011514729
63.7640856772429
64.240562495475
64.1163292249251
64.1667376200583
64.1276329384547
62.0721549208262
64.1905471345707
63.9945370315107
64.2900083593598
64.2466120296978
64.2982449487596
64.3028955587424
62.1656880069877
64.1695537099163
63.9933510455315
64.558830394753
64.4614054840776
64.4224350361666
64.5362560461039
64.5548837384747
64.5708974785354
64.6825394987827
64.5700968936039
64.5692327558575
64.5585792044726
64.534334750476
64.5125834601048
64.4764555332509
64.4842358924242
64.4735621590422
64.5158973262526
64.4063142083739
64.4316424454086
64.4120331577068
64.3602179793502
64.4200156654078
64.4459201641389
64.4577195489623
64.4858861509338
64.5013007381182
64.3885283508667
64.5704326513498
64.5164055397224
64.4437239360176
64.3781447493644
64.266084461684
64.1833796726078
64.0264303062785
63.8978283847859
63.8893368420427
63.7540206894391
63.6708674034171
63.5595854933053
63.5366055576334
63.5412588264338
63.5755452682726
63.6187610461077
63.6385997790551
63.7264517725136
63.7253171180955
63.7532279810573
63.8555752813001
63.8552196527752
63.8446703899568
63.8818498025405
63.8134472389996
63.7478706503524
63.8245992628166
63.8985071084669
63.9542311531878
64.0131990015377
64.0964482857596
64.1213080130642
64.1188859726149
64.1814333350732
64.3025869163978
64.2911372706576
64.2541168305232
64.2384367787
64.0986087296576
64.1593227112011
64.1209671731349
64.2684357827085
64.2342002430316
64.2813378383956
64.2902058746215
64.3117992429713
64.2973985834762
64.3280876944833
64.1334297998149
64.266656458196
64.2396007743876
64.2022198918535
64.2615407037081
64.1450853743866
64.2955769955972
64.3650723107318
64.5068636868584
64.5158913342822
64.486866711229
64.4773595079509
64.4619291061319
64.5548590944476
64.528842052516
64.3442179276469
64.5829483887913
64.531133127211
64.4582906943254
64.5032466059012
64.4645502033595
64.4837643314456
64.3882432932695
64.4988972855986
64.4702274301092
64.5182108629165
64.5044158931995
64.6826709967301
64.4712822704163
64.5492666450621
64.5256992861985
64.60298868311
64.4703712877684
64.5420643309095
64.5502213373539
64.5498489935301
64.4233184317569
64.5413240829899
64.5526673996309
64.5770325955232
64.5010066178428
64.5210018560712
64.5402079360198
64.4662824673695
64.4549465339545
64.4997960633241
64.5521930425454
64.6271570025545
64.3330572620202
64.4277648511746
64.2795153819362
64.3623053999894
64.1440100440234
64.3240029532033
64.3495001740992
64.3290551967925
64.2795584574828
64.2757569062338
64.3495696848788
64.3053862469526
64.3200590988049
64.3269910798356
64.4017847473788
64.4083473757363
64.4950936331529
64.5640995598552
64.6665969867
64.6753318053762
64.8840707115266
64.7494917955726
64.7881898065128
64.6514546837144
64.8132350853124
64.6257962696521
64.730050237197
64.7023809562884
64.7782457751885
64.7106770830942
64.5748854888826
64.52586581231
64.5057637438941
64.4346919695396
64.4604971129497
64.4487710869833
64.2516227496828
64.3950276215794
64.2250881993753
64.2711758685039
64.1028993916309
64.0677917205668
63.2863514833064
64.3010026192676
64.2268043125122
64.102407985132
64.0406202299791
64.1771672004805
64.2000583170052
63.8653950360055
64.2725576246472
64.2436060063466
64.2124921134188
64.2363373748189
64.179878759078
64.0689541517204
64.216822689715
64.2315001645031
64.1321816901174
64.1567111249726
64.3703852100344
64.3061579433369
64.4483672206775
64.6254974223936
64.6746827688505
64.6546637897505
64.846323311207
64.9614742161125
64.8870720823366
64.9301722964256
64.8014250490721
64.8232967080194
64.8298925375266
64.7353562089227
64.9748793019258
64.8442521796019
65.0200928086043
64.8921593713804
64.7587449401925
65.0745925154365
65.0095570839707
65.1271222949726
65.3399679772739
65.1305478364509
65.1534282542159
65.1430730783714
65.1594798452485
64.9981394809285
65.0266935124872
65.2521997865337
65.0928761277205
65.3369406344329
65.1500344451571
64.9648573039746
65.1663475831376
65.1324811470801
65.0247903626689
64.7477012986743
64.9659337272428
64.9117360903203
65.0664826919324
65.1550374580375
65.0295756387488
65.4533274012812
65.0824855554557
64.7899941677151
65.2715263066492
64.9542679890625
65.068027455322
64.998781600027
65.1362896664028
64.8351764604629
64.8154329105492
63.7231695040378
64.995634304651
64.7506698824844
64.9464911212227
64.2401727933522
64.7029482025369
64.5749708426412
63.3179469481351
64.6307841234905
64.7275899264107
63.9877767693953
64.3715416331038
64.6062062322918
64.4694751234007
64.0994714903983
64.6234749343262
64.1259379454987
64.6593170450191
64.4230193511784
64.8723712827466
64.431681248483
63.622339680752
64.2814048430824
64.4617632585933
65.0024470103949
64.3503316985472
64.5768175650293
64.7075099911344
64.1734665445422
64.0619849708208
64.1147577347375
64.6400370168021
64.4608417236126
64.5958581175192
63.8776538708219
65.4683502853214
63.624855707099
63.934561045893
64.4436535973898
64.0277745492399
61.0632379193788
64.1979681650466
63.0342278313358
64.0363496252713
64.4742702747818
64.4291304667215
64.1077234007918
65.0174643939821
64.2838073726547
63.8804495918496
64.1046388581538
64.4617020028957
64.8571464073446
64.4040333852451
64.6437979199151
64.0509040183577
63.4070562018714
63.5613634126306
64.3517008840713
65.1993612789906
63.4885746163878
64.3144924291598
63.6537465961176
62.6285084255848
60.7520678035286
64.0517925221842
63.4791688757752
63.9588389163736
62.4690665006155
63.403773817955
61.5711497040144
62.8536233039589
63.3460108313049
62.8508857868936
64.1256959534241
63.6775450160219
63.8563639207506
62.6533910812582
66.9420006411366
63.8337435484739
63.4900925409903
63.7672378828908
62.8597417301672
63.4172616041137
61.0191985688269
63.1775268278068
65.9379981753736
64.9987215565339
62.9092619046316
61.1660810386178
63.3425308017528
62.3239211451227
63.0820371689744
64.2838540200613
64.4106956661621
63.8107765083751
61.4399726446494
64.8573810750829
63.3896691265754
63.2635233817491
64.7351800291734
64.6148700786725
65.7089390710853
63.8688155535605
65.5130911847886
64.3135667412491
61.4755789201631
62.7096057747817
63.1019022468279
67.3858405749938
71.724459997668
63.2558209915094
76.484966462163
63.885075349699
62.6782703262411
70.2372979765332
62.491508850156
69.7971905513756
64.6085975135675
60.1933868227603
62.3949825466923
62.4412422928709
67.7179785033753
65.1185298207725
65.3270756302085
67.6343519028577
58.577636644775
69.0067285530398
62.4798142599074
66.8077402269149
60.2040414063858
70.0223009991527
63.4436807967519
59.5042960110153
62.6256706361789
60.4204689056054
71.4075393984865
62.1358303358472
62.0449301355489
67.7179114042275
64.7598509723598
48.3331471450658
54.1839160553854
74.1737882280725
72.0395233129576
64.87594079779
63.204990610524
61.2378822493005
52.9736186273826
69.4506214215669
59.3055682329312
51.4224790834508
64.0303475768449
50.4005251009708
48.5705433084914
52.8551749057654
44.3551554344218
78.644310563425
80.0042633117622
64.7355966749044
53.5858494039774
49.9110862138364
45.8735308184701
79.2078290359168
50.0784618292923
54.2074766936599
91.8927199629991
73.2164154206447
44.2659783186559
86.5492059414345
54.8314674517621
86.6087286296774
47.3706857935268
87.0842555649684
39.0431212323376
46.4799739143343
58.235319025887
61.8392548257872
61.1681072522393
62.0441653981914
61.7843852582091
62.4238730569278
63.5539286689242
63.7396634259921
63.6036935326197
64.4421896731289
65.1213338868082
65.5413525861156
64.3758310233246
65.7949194108802
64.2935504724745
65.8339069232306
65.4553038960206
65.3350630907506
65.7929961257186
64.9512181229271
65.5827928704026
64.1469395182114
65.2396744623288
65.6934945966819
64.9740399747146
66.3713611469835
64.5364159231105
65.8229173284305
65.962210632882
66.5906611646212
66.2349417552732
65.0971307754331
66.1291903355773
63.8410605869386
65.5587545769809
65.7471737337085
65.2245310029338
65.8277853587696
65.569731367476
65.2584339861594
65.3787895670949
65.3729511138967
65.6918307948582
65.4151053647109
64.8376596744914
63.8219312753453
65.0022144782267
63.7257620293868
66.0764044045593
65.2950660032759
64.5416712554256
65.2633660942174
62.9493640284309
63.9462579416109
65.1367961445714
64.2014635212437
62.6315941339813
64.1747279686012
64.5384173773481
63.9132223311639
65.2692259736975
62.4204328625176
65.5222897876417
63.7511940221744
61.3265034107378
65.2070815030723
64.874039257932
67.1005273004438
66.3848461831909
64.9972207100646
64.3339014513912
64.1427829943796
68.7441594477164
64.7568473172234
64.6578782369178
67.269441915314
60.6020561118634
64.1578975377973
63.6316854924944
59.2773539512963
63.1901411599311
64.7589827424766
61.3346850153315
62.9822214165541
64.263738786621
65.8642503794765
66.350975285091
67.6554014055621
66.3697566028656
58.7186694688954
65.4919376313477
75.9504304141469
73.738825773818
59.1543688661001
80.6825600266983
61.2416548009666
63.5643264105183
63.148327758539
56.0093535891111
66.8177652401037
69.7002913660845
61.1951860100364
47.1299234722603
75.8833036846521
82.2423490671693
65.7602511962866
62.8533549763979
68.6282551283233
54.8096050590564
87.2741095801428
77.0581730996257
58.615119984961
68.1287253310985
65.2067592478767
58.2441142722337
61.3121243918583
75.2798975706372
63.4325620972966
51.9525350217231
67.3208729611546
59.6710447849099
51.3835000877587
68.9151716538036
58.4084297012256
79.542259373098
71.6063168639676
62.7987405256266
67.2454008473175
85.8159414717475
58.3351134208858
106.433344507122
63.4463027819998
48.9813903315703
79.2852012869638
58.4198782101218
64.7731435944519
85.4638862839429
114.444204030365
59.2357635146912
75.5178061509493
76.3545201451105
63.4810914624291
63.1680189260519
63.8774944561572
64.2069762965333
64.5686069451183
64.8498403008148
65.0645712032358
65.2810298567311
65.4819341831108
65.6757969096401
65.8997285541285
66.0906591298822
66.2269630365237
66.3199587043707
66.4246794513771
66.5501967662335
66.5705382114943
66.5206496219317
66.4543087673537
66.3402757201655
66.3101903516311
66.1985763281567
66.1860916129466
66.1871397395902
66.1090932887855
66.0892554919469
66.0903656041752
66.079165600847
66.1428105780862
66.3194988579438
66.4869643418086
66.579454710366
66.6555861212841
66.7878869682144
66.8398712318557
66.8558649331612
66.8745821771548
66.7057323263954
66.4376748203676
66.2367805799736
66.1187470692267
66.1110623763972
66.1159844326585
66.1629117504252
66.3298539589091
66.4179951122414
66.5307895211958
66.6569863659999
66.6965688431778
66.5984053754337
66.5015743297718
66.5247957460823
66.5746055366634
66.5783331887953
66.5786064183346
66.3592508980668
66.142059714003
66.0116490875571
65.9102947309619
65.8585034614934
65.7740819228886
65.5466857406285
65.2876345580083
65.1370953823559
65.1513858253117
65.1723339147578
65.2323105759655
65.2096505862965
65.1248826200619
65.0293278977161
65.0528512215608
64.9988602683996
64.9762181195771
64.9912512473495
65.090680691272
65.2564283183439
65.3301596347028
65.3520048662478
65.3768819540963
65.4309538166223
65.4976310209002
65.5301655703824
65.5146010030532
65.4474407928296
65.416509270834
65.4240551513242
65.4308216962985
65.5507246256161
65.6094832019292
65.7062365979227
65.8501402908327
66.1339026651576
66.5515710876625
67.0312054235518
67.4630804440792
67.7268815984673
67.8910583980671
68.0569621633459
68.1210477620122
68.0610364735615
67.9869175404863
67.8323773121165
67.5787672453198
67.3151678366509
67.1885517240999
67.2180474806346
67.2836816885116
67.3769530634023
67.3483348155792
67.2443267268492
67.1025878527433
67.114710342278
67.1801374786777
67.2397814160798
67.254843509888
67.31305443844
67.3466090831554
67.4025737110748
67.3041147336712
67.17057345242
67.0630109898775
67.1063568551333
67.3150310617238
67.5195474713397
67.6599833487913
67.741742335113
67.8895573144313
68.0272392262626
68.186113236051
68.304364459605
68.4805620823915
68.6566198830341
68.6762528186939
68.8488453091207
68.9679458964047
68.9700866169924
68.8182399114451
68.8264481290741
68.7858629395315
68.6708132570386
68.5364048705713
68.3751477252376
68.1770797334034
67.885633820723
67.7861151187696
67.7815781491597
67.9803195712301
68.0895517902925
68.3069690025005
68.407524873023
68.5027554533074
68.558406963691
68.6981486639166
68.924086637919
69.2100091082932
69.3472525492225
69.3406636600928
69.3270790316841
69.2684076952737
69.1666234514582
69.049293577338
68.8508636339396
68.6783549539773
68.4557114514643
68.0198044839363
67.6649018404317
67.4015029430968
67.2869789269586
67.3856559078039
67.5402019564469
67.6239520765528
67.7661811123055
67.9930364199511
68.2867502248281
68.467956538944
68.6101297656972
68.7758801080884
68.7948385802673
68.912246796272
69.103762228986
69.2276414326856
69.4084244265837
69.532348269143
69.4703043323513
69.2811485271287
69.0372002784295
68.889189010184
68.6732707868947
68.5563176753444
68.3691138780146
68.0956171433685
67.8433676311591
67.4006056147882
67.0138787595693
66.5062629863855
66.0831229790671
65.7967862332462
65.3464914871268
64.8414138374735
64.2326425651615
63.7384041731456
63.3367692356652
62.9650732790878
62.5362796478605
62.0532534873628
61.7303343872371
61.4823249841027
61.2920416388257
61.0436468100975
60.7201357574591
60.5225917218942
60.4107119341361
60.308386406252
60.2690886224261
60.2936847615408
60.3439608641453
60.4065427459716
60.4288478983686
60.3525601429565
60.332794990607
60.3210237703749
60.3451521473843
60.5764465449418
60.7286051829663
60.872132377367
60.9511566209927
61.0406735962301
60.9746219545067
61.3802448183911
61.6137039602762
61.9268297670796
62.0304603029744
62.3644645186638
62.6640665860898
62.958928838338
63.2559426727688
63.3341027802452
63.4359120880635
63.4902220076486
63.5544205597342
63.5815442638662
63.5998809537827
63.6615949434839
63.6583087153578
63.6175083562151
63.4190473350161
63.3569786765586
63.245125376217
63.1737123156854
63.1529482537698
63.0689147051466
63.0039758529008
62.9697953966717
62.9540142030283
62.7860576562403
62.713544760749
62.4853740466762
62.2243279143222
61.8817383657918
61.455892278047
61.0833675143761
60.6569568020092
60.2706109431977
59.9928521121108
59.6451225466348
59.403924189604
59.1952894204145
59.0593303270667
59.037082251121
59.0823683022801
59.1433700141468
59.1966981047173
59.3236899035726
59.3761425985743
59.4115573751856
59.5812184589504
59.6449385313045
59.6647769769901
59.6930843343094
59.5880365886169
59.5212912549445
59.5686347296667
59.6470775180217
59.7933851021096
59.9898713874331
60.1766871986964
60.2165484772
60.2811880001794
60.354459661108
60.4922658744311
60.478661974705
60.3806861081018
60.2982789743483
60.1060302872335
60.1088714445159
60.1513571584895
60.3049699652833
60.3369490898053
60.3762907386851
60.3969466794797
60.4382418165634
60.4846944907941
60.5244291518392
60.3912446957171
60.4491530907069
60.4359925146989
60.4072420021919
60.4366921691803
60.4686313368133
60.7289993202527
61.0619050898006
61.4431589654235
61.6445051116041
61.7659952578104
61.8914109910854
62.0291778901972
62.1656763753602
62.2152624930369
62.1980414091501
62.4385495876531
62.4709616768643
62.445285992523
62.4615532497957
62.3748186306035
62.3691471675364
62.331653967207
62.3672839993565
62.3917651757699
62.4658569467976
62.4708295166797
62.5465912163558
62.47466890926
62.5961949478633
62.6520948444688
62.6908420079463
62.6470593965789
62.6820675212893
62.6561243547653
62.6294711766915
62.5444760338463
62.5380816218653
62.5717079890391
62.6173245489269
62.5876069659004
62.5282399652253
62.444716912449
62.3522528156378
62.3371056282481
62.3682107802939
62.3149113739216
62.1873060151901
61.8168137598683
61.6153329328405
61.3745687697375
61.3441110831311
61.2160708238352
61.2405140666904
61.2706781361736
61.2722530788482
61.301018834636
61.4290006065112
61.5820980579498
61.6469609450112
61.7759172705437
61.9360647879017
62.1364236910222
62.2665160541744
62.4692260176062
62.6534029215905
62.8813611129555
63.0825799359653
63.2736794849309
63.3229006263814
63.4328481620376
63.4715683425045
63.5493327551085
63.3723633371468
63.2586218144117
63.0499308724348
62.9784441743973
62.8892826157139
62.6740290678291
62.4647997887453
62.3178241450002
62.1213831258613
61.9021121004409
61.7443320839157
61.5540353384382
61.4276754479718
61.2343993442335
61.3000555494043
61.2357486355306
61.1533487722467
60.7356032645702
60.9348876195055
60.7450277744865
60.6063438455275
60.5687302953911
60.5833889717184
60.5218249605651
60.3671050379736
60.5299998797844
60.4190402373683
60.2105975863526
59.9966430730364
59.8532974109978
59.869269464696
60.1111076469501
60.2968892441175
60.428268179049
60.595514241165
60.8624029778502
61.0621029645142
61.4169579533246
61.8620814109399
62.3031683826934
62.6473559679329
63.0513505021139
63.3063258047141
63.5058191781329
63.6269041713812
63.5679800892564
63.5208798709415
63.4842424388987
63.4994890614911
63.6175208739416
63.6441425288724
63.7658102455537
63.9029328814518
64.054931217564
64.3110958217095
64.4194909618625
64.6176121846189
64.7737035322071
64.808071885686
64.8121273914538
64.7687526509867
64.7618401686509
64.8471741700246
65.0022256793547
65.0790781288584
65.1251005986254
65.2836160490722
65.2190453017435
65.0657678095472
65.0335916972658
64.8475497357441
64.6730718012391
64.5836191470472
64.6825117107491
64.8208270177131
64.9049628757414
65.0906139647884
65.3516415210608
65.6618887872232
65.6149811225762
65.4153349810289
65.2861968064171
64.9663151078108
64.6235141609342
64.2491103959667
63.9265933567933
63.6408074506194
63.4403535050908
63.3125298687899
63.3831280214114
63.450168545321
63.4759781180276
63.2031980375068
63.1442003734394
62.9408422293487
62.6768213241043
62.6198154306972
62.4413182619472
62.0996798566774
62.0330473272259
61.9422841633383
61.6654593274291
61.3313208535868
61.0984089170365
60.7751321989186
60.5988418776482
60.2611793052678
60.1824816741881
59.9444259025359
59.7536891266175
59.6829393722626
59.8028881463458
60.0528883746273
59.9982810219794
60.0043745661778
60.0249685325253
59.9049924984134
59.8457705202302
59.9087797736673
60.0660406194065
60.0589191610101
59.9297299196739
59.631249587813
59.8530569124543
59.2169920200988
59.1667830936041
59.2018288298639
59.3210059616015
59.1002354366298
59.4954371742196
59.5207947718054
59.5327757103264
59.6736835933476
59.6668158149305
59.6752063259359
59.8119327490778
59.7488416382128
59.8225548615986
59.842470117135
59.9554774005553
60.1119234266659
60.1728921710525
60.2163069468641
60.1276177716918
60.0094293527016
59.7210981252162
59.6724954128715
59.6255927250196
59.3531266324389
59.1965845301352
58.8399649003774
58.5430704965953
58.1946464186125
58.0598680364216
57.8944944494331
57.9116911452403
57.659815161805
57.6158875243796
57.5453686395329
57.5800668068386
57.5711354375996
57.5907185563071
57.8510717819321
57.9329677283586
58.0809048786078
58.2108658628192
58.1566293659755
58.4591576207383
58.4588744661526
58.4416742389438
58.313970681181
58.2818564205569
58.1960592186709
58.3230326150418
58.0484934794907
58.440441559065
58.4286234703879
58.4625078129639
58.610348748887
58.6754744333102
58.8396676018498
59.0905096265749
59.2112824174482
59.4161038755205
59.4631943538824
59.7949874172696
59.8784135400901
59.9932233009107
60.201673295685
60.395624635983
60.5472655997008
60.570922588147
60.7479420469032
60.8158716667052
61.0925687290929
61.2649824319539
61.3531565256183
61.5700816075624
61.7963902488284
62.0059226294298
62.0383730704707
62.2586674841285
62.2904912546591
62.1891853529511
62.3954478276467
62.2853189040548
62.1996075438883
62.1398616532841
62.1829417701052
62.2362026396397
62.1452461342331
62.2370427235605
62.3055840800948
62.1872814823561
62.1809457548016
62.0329811806412
61.9270977057053
61.9714549970945
61.9418322127197
61.7796197153425
62.012219355269
62.023364135521
61.9538901704153
61.9502790501826
62.0673770582804
63.0140707530976
63.2774170055243
61.583613438663
62.5121000219013
62.3904724983066
62.4160772446306
62.1582029109223
62.7133465388422
63.1007867981159
61.5526735302473
62.39430674074
61.9553571386436
62.1291187264488
62.1039584205363
60.3688359090919
61.4064992522805
62.0675085494144
62.2204069178312
62.1063767291321
62.4118487869708
62.3654841031172
60.9464584071109
61.7353511730652
62.6478582687226
63.0979938055413
63.1510460113616
63.750534099446
63.6581357219817
62.5072525038223
62.266910087801
63.9951163433419
63.6577800246454
63.9475205799549
64.1250377634862
64.1808829224393
63.4235627137591
63.0876334076431
64.155933618424
63.8166597768684
64.0929848461201
64.10554210032
62.9558080429788
64.3016194490284
63.033874022642
63.8235327580695
63.3342780734203
63.5270846651223
63.2148873397628
63.6282000510611
63.7687018829774
62.9640001112007
63.1275147882262
62.8102009753729
62.8474783772311
62.7900987990856
63.6709101561403
63.0179868744247
61.7441478135453
62.6144855969175
62.3441217207147
62.1328861875136
61.9555399264649
62.3550298510863
61.849366721191
61.6888901705082
61.8404977799595
61.9027960488025
62.1409949021146
62.2486309282261
61.4647049349617
62.1935381845257
62.4703296048182
62.4043108746746
62.6928624963261
62.6517175369154
62.5700922760855
61.7847095128356
62.0036575527843
62.1825346694032
62.0806162068568
62.1595784170529
61.997868123852
62.1038720723778
62.1222087765575
62.1603689006886
61.9885444159109
62.2807618837595
62.0398879405831
61.9502274226744
61.9877718781527
61.862757489627
61.6291946651104
61.8487957218358
61.9625881583119
62.0242202304626
61.7883795369823
62.0891142879876
62.1843443193084
62.4719954774909
62.5160716579674
62.6326172204468
62.6317627732084
62.7206203988684
62.8686667835511
62.6448444457216
62.4910501099175
62.2386389779454
62.3849520443213
62.4747805043082
62.3684272001447
62.0285041836117
62.1365402549947
61.9077260065196
61.724799657387
61.6893595764337
61.6704770433616
61.8214796192828
61.8510392904802
61.9521466515171
62.1514331915417
62.2373767492595
62.1297294084781
61.7212913229323
62.1992215063729
62.1621461982431
62.0540391420193
61.8715058098907
62.025724282375
62.006440474033
62.2728618770711
62.3011979874888
62.5751101246134
62.6794632917403
62.7820992009484
62.7267833585811
63.0935209299862
63.0748028335826
63.0068266825861
62.9855660859678
63.1573818630545
63.1456070336958
63.228477277944
63.3648994714299
63.6652238513445
63.5396142708552
63.746269419568
63.4420906414327
63.5455237679118
63.5397166680408
63.7462176654167
63.2433074509539
63.786595207268
63.8390826015184
63.9728520015863
64.1217509747455
63.8884437465436
64.0556392278193
64.2079763223955
63.9054575638671
64.3603817904589
64.9203260167409
65.1125980524096
65.1095849887496
64.9891822403006
65.3144484194071
65.3863323937382
65.4471557275856
65.3480461728709
65.1276981953142
65.1955884075651
65.4473328619423
65.3595434588929
65.7612009973984
65.7980092524145
65.8026404785074
65.784569647143
65.9015588291882
65.8119048071358
65.7635281480669
65.5211629971886
65.4478481862412
65.1683307740408
65.2261909340249
65.3681525587281
65.4301194119765
64.0389909237722
65.468561633045
65.1544966082601
65.2740586448591
64.9240133610049
65.1844482535109
65.2305971529983
64.9713653911799
64.9735769325552
65.084376800398
64.9647500458677
64.8924147615117
64.9257510960692
65.1580891976289
65.0138969289067
64.3141233094854
64.7126216540358
64.0767361254328
64.2224880305639
64.7359598011003
64.8614962222569
64.9426032196402
64.5229873954968
64.0545965162564
64.5491348514407
64.3903425207154
64.4389374984955
64.041533620372
63.9035024254481
64.0581098767516
64.4758966581269
64.1092658526779
64.059793716801
63.6411333833444
63.9278707295623
63.9299233341196
63.9226034349528
63.8833924900866
63.6973655974226
63.4659083314435
63.5924260802632
63.4303296198515
63.4655223409394
63.4462473623963
63.4745556327133
63.2849779196186
63.7252645153316
63.4853708630449
63.8200548788893
63.8363483840473
63.9115240830258
64.1813323121721
63.9137055922255
64.1268075504404
63.8351783886787
64.017953435359
63.8485342059199
63.8499457104903
63.945530013092
63.0943551488501
63.5153213548106
63.6398624227383
63.5864885093485
63.5614505629474
63.2305530045648
62.9064212674995
63.0805125080353
63.238532634862
63.0059779361512
62.9503706301796
62.9836248288859
62.9080869247181
63.8395522332008
63.2609429362418
63.0555035013143
63.1819774655318
63.0306518790465
62.847660852795
62.6802698457165
62.8383602225349
62.4650536660516
63.0187279915474
62.8396578247079
62.554081827407
62.621097736103
62.696146323202
62.1249091919302
62.1363227531592
61.8731547216081
62.8585257435575
62.5374400922882
62.7657793686401
62.8788615622028
62.5577931614138
62.3145723359005
62.3379613615003
62.5183278919382
62.3999813047905
62.5178535341689
62.3200974010151
62.2200112111777
62.4107853064175
62.3014114888583
62.7128248901282
62.4837101063677
62.4861611209641
62.4866394498215
62.563944160473
62.8830223383305
62.9635360404471
62.9466999460859
63.1253942123951
62.6314681089532
63.0375356504196
62.7405220051553
62.6881533489591
62.2670758039699
62.4899909630735
62.5178390227698
62.3880015911583
62.4312365235969
62.5419720635647
62.78031306463
62.9635546392484
62.9232522078993
63.1475610891912
63.5194712286168
63.6165856780092
63.6362472771624
63.8858240624404
63.5547920876464
63.7592274587775
63.7120356959147
63.9224120808426
63.5475278389472
63.5209932536514
63.5562420564462
63.5642618536546
62.9269128295254
63.728746215323
63.079682828514
64.1951522249236
64.2859647565552
63.843804876457
63.8517049766755
62.7955770373011
63.9740626679382
64.0284052357658
63.9168798317953
64.0433133461436
63.690605216081
63.5847536816675
62.8524857658051
63.5794750762298
63.1867043722262
63.3070364915321
63.0228027245162
62.6152354149169
63.5404236703165
63.680834405882
63.8720988550325
63.1986422634441
63.2717545048399
63.6140811324383
63.3992359505154
63.5234701023285
63.7220824785068
64.0250185809738
64.3128561174862
64.6574257886344
64.5672593653489
64.7735867993949
65.5366152817817
65.4498590631171
64.6522472331716
65.5012776375206
65.23488344132
65.0767227235308
64.0538427729811
64.9276595602481
65.0159735254261
65.0294930654066
63.2780616605454
64.6682183540741
66.0805477414588
65.0016320112433
65.2014258254706
65.3396080372472
64.8316505578005
64.8819739605228
65.1914099320862
65.2201748079639
65.1971905931465
65.472966091238
65.1086372457897
66.0380407528502
65.5195951191776
65.5794194351727
66.2806042994331
65.9403939515601
66.4000949231458
66.1203873087354
67.0444487945905
67.1719821137684
67.1894263338721
67.7775568901858
67.9776750169827
68.3001407130533
68.2630009902247
68.4401079745793
68.2311403794602
68.9045913422054
67.9550225784095
68.8527384971338
68.6832131201162
68.4586024863027
68.4398121737892
68.2237982481481
68.3284350828759
67.8373057604037
65.6551685739431
67.4960943112907
67.5056101399685
67.7571586579872
67.6703371182559
67.2486319412711
67.1517532391701
66.935855791697
67.2804377400136
67.1788257431194
67.0217766532546
67.367198332891
66.2060212410988
67.5037214870494
66.7684470012893
66.9182722581863
66.3341594292211
66.8486016237671
66.3539625208076
65.9365270695347
65.9210233532028
65.8937988590758
65.6593240972961
65.3410984513957
65.3177457769505
65.4981745252774
64.2105240482066
65.5144787840536
65.3048391278608
65.5135219382356
66.0704635341583
64.880803063666
66.1372699943746
66.4963266758374
66.7478187816048
67.0957506744888
67.7269490350501
67.6145681985441
68.0227505021456
68.0524417919299
65.7173642294709
68.5332727746946
67.6970125261723
67.9024522025012
69.3652352284307
68.6256797421079
69.2108441086671
66.7000525952411
69.9277383064754
69.0577331255326
69.2754221133269
69.2502425504027
69.7927716943533
68.2903742772379
69.8746863666677
69.3975204252337
69.7699423979624
68.440218047818
69.0081198552003
69.1817123590548
69.8228923145662
69.4823475872893
68.5646416255195
68.0832842353994
66.187545216336
67.6044160242261
67.1744570879351
68.12133894793
67.2906445641377
63.8045672595305
66.54135579085
67.0684302032744
65.9659714547225
66.4938085996223
65.2823473028263
63.9900851721007
65.3990694692892
64.1078033611566
65.1018088083475
64.431205415906
64.8641854283668
64.3546354571752
64.6198182147815
64.7242120402694
64.4532918163524
64.2009531358699
64.0912474584783
64.1477663700367
62.7787741244698
64.2635586158285
63.5166569826809
64.2042456874238
63.7353452292884
62.1920570129893
63.5845119527981
64.1410364440855
64.0078793390203
63.5856700391121
63.1222397004871
61.5018885718319
61.3782933894639
60.4702665489974
61.8368592021827
61.0295342009697
63.4074146816357
63.0082258376628
64.9237851400773
61.5985505234111
63.9920938501884
61.9304426893091
65.4977471227571
63.6396815870318
62.0347427111283
62.7558795290068
62.8934289559148
61.6826152570383
61.3151250157951
63.688210879314
62.9352112876157
62.0398110841314
62.0705641946192
64.3508257743453
64.2086867007859
62.7040806184748
65.3624010373404
64.5808255547656
64.2235240970304
62.7071896050508
62.7786547755646
61.8919969541294
62.9517463851718
59.8852679128407
62.008198625223
61.4052663237662
62.1903804858173
64.1789457893071
63.6798530360556
62.6663225222114
62.4098435343119
63.6452341377116
62.9194313528574
61.9107183754886
64.0380503904584
60.4975012482509
61.4792164714274
65.7097780382548
70.2236153959697
64.4389247966428
65.3838934174119
65.4611207353186
67.2190806178339
66.1347686388923
64.3691981071598
66.3368309619486
66.3689134561454
59.0717608007843
65.2401736304593
66.4156493138975
68.260075682954
66.2234257892492
65.9569525340181
66.541261656319
68.9667292859775
66.5009700124393
66.4358621477133
65.6514330971395
64.3007711335773
66.4357783130216
66.7409199185209
61.4669026646758
66.6415146149225
73.2285809428793
65.1007941713696
69.7561511882257
71.9099611894547
64.6326956009887
64.8569097972483
67.4529240346278
72.120821328854
63.2408478259321
66.988850278815
64.1919221899901
67.387989606175
70.617234292957
64.5473679924523
62.7060060300806
64.6858196847237
64.1902962691798
60.0233350686352
65.5490373005319
64.9821163424625
63.639500690535
68.861322558707
68.4224282133157
61.9583732842435
62.1998601332614
64.0029594017797
63.7081610151198
59.3740329174044
67.4915587003587
62.4106914241299
81.4867458011769
61.6090058152642
67.6017500250922
57.3164059565515
57.705554124109
66.8150294371627
63.3996050995239
75.0856286449219
72.9085876257482
61.0298554474151
57.6347001774909
76.2393244724671
60.5304706753457
63.6389211194569
71.7128167199378
62.8877124622824
55.4127466541776
58.6796058106587
63.5623697410968
54.318663342357
63.2338544415396
52.1766380242322
68.0564226173784
46.2605100416229
52.9173638749622
70.2404262264523
67.1654806303889
63.4731157182741
58.2497408935064
59.5300616276586
58.1121553600002
60.9991081847687
45.7609574576653
42.4915906776589
61.5225172977366
56.743192186205
52.1265737496024
39.2706060325919
39.4342675471664
94.2048303750813
54.0661916065747
76.0433789971191
57.8117532093492
66.5763356524616
58.035764478563
42.4073682675747
46.4367895095645
42.1076534421068
56.4873803977645
60.3115483083775
53.0587905628718
83.0020888589898
70.1538527871726
54.6078533856568
77.5783883823427
59.9446902230146
86.1984489392889
50.6996835776695
60.818044003606
54.6879941237027
65.2769277643983
55.7554194277087
57.5900797669906
42.9495659965805
99.5159874783554
54.6520849613385
53.0591766772943
72.8128810240654
36.7513000723787
39.8668605407012
57.1438252072549
45.3703978781806
54.8042543558222
74.8517544220726
49.456840098309
49.1605712666504
78.9278493201166
62.9419105252171
79.2787184895581
56.309420691904
41.2039760639193
50.5446098467217
54.9856172095733
53.3994366942185
40.4782089816378
69.6733150357222
42.7636585967451
68.3406975882444
52.671634310579
44.3417358752822
53.8470272994761
58.6138442338359
50.900226832743
57.3216447009302
64.7042612281514
50.6339277761037
47.369399832633
58.2472104495955
52.8043248662663
53.3946570519224
74.3211626776796
46.4937118331177
48.8457277939778
45.4374812440469
58.4064448398794
70.6292653096647
61.9954726121449
51.3179776313812
74.5202580195546
71.7342878711378
58.2020409599892
70.3685293932739
71.9583992897489
70.6036227177902
51.7024823633083
51.4295730566914
75.5435787782019
94.4357150881273
55.195081063691
57.2877717401548
55.8542716007094
80.4388656468916
45.0929981290898
56.7866136814982
62.9680043564971
54.930646350166
64.1914130122188
54.1374614318415
61.9412561618169
73.4892196156562
56.4062823667703
66.8699989077382
63.8700942601963
51.8132054258947
55.2059483384308
92.4246669871779
56.8037712871051
57.0618925148285
68.8636340405883
51.8848929350166
51.2532032193262
54.8321285729981
72.9707059219515
42.0589285116881
89.790892238152
62.9762823057716
49.6872554540805
57.712134005661
49.2298036470718
58.7275375801854
71.3517930978426
53.4277916304443
63.8057699685537
80.2498039474443
72.2365696996742
41.8493550205421
49.1543386050618
57.2214411405565
54.3127754747039
59.4480452523508
53.4023831218107
71.6819345247721
78.5076431636425
50.1853081015292
40.2864219299668
46.9862969172375
49.298643313454
59.043113870386
78.3131508672329
52.1554524296332
76.4354347483769
59.6770450611082
46.4228076579389
58.5709883226932
69.0525089076057
65.8750516818494
49.8979579405066
58.7933616117612
53.9976325411128
55.5711632091472
51.741560022909
71.953248258353
59.8573971013416
49.7869540179185
90.3258391753372
116.593883425908
79.8602425189804
44.5318470492729
58.1872779527571
55.0578368441859
56.5025640514273
59.1319001370911
60.6203207556093
65.4001326227952
47.917973134862
54.2207716171493
67.5792012152341
76.9524715908051
60.1804534889637
58.9097403308723
58.2180271725198
62.591154437321
60.2834867762632
65.1120561248875
59.5987096219241
91.9890833875493
61.0480522722843
93.243096524426
54.237053361438
65.4768632200667
51.1404376543918
94.3207157064573
65.512399366091
43.1598233398782
55.0138599635233
90.7442535679557
31.3612926117012
66.2701436089636
78.5804458992302
65.081000582
58.3363841017302
69.2913662931593
70.3583374097245
44.1130811598563
58.648742639257
51.6681111347656
64.052447397932
52.2862501091108
57.2627935530556
84.5514769351254
47.8835485893672
54.5997890474037
60.0006826576849
64.3721178975631
70.4033702948117
80.0315146275213
66.7479573813265
56.3280606116219
59.7764721502736
75.0042816584309
38.3908542438117
70.8216082010579
74.3037842007449
64.7123169699482
53.0879595982333
57.2186784014393
63.0474110019459
56.6304796655369
50.9697540693603
59.1220907322551
44.6707151186265
54.9335674295152
47.1350099673734
42.6707736456493
61.6207123656697
80.0524235900499
40.6369175446624
68.9127589850149
62.3417009123074
89.3543929183641
47.4400119480215
56.5172067694428
60.9404440255841
72.5126388736426
66.5268083182759
57.4561603226769
73.3324809499293
63.2172677024466
55.2551062995967
50.0430980727226
58.9735277752703
66.5578661353042
68.8485049727946
56.359639744145
75.5968157294259
82.9156247622579
72.7038831820498
63.1781489735688
50.6338117679233
81.1478298836775
64.2897354818938
56.7142291761026
56.6469992870217
40.8071481746531
59.9056274923834
94.3222443675355
70.9114336843351
81.1860355200881
49.2586088403664
61.9243101840644
58.4926892188284
53.5926620210895
60.7246907317696
39.2564001081174
72.8929173246697
56.7803978441455
52.0977274453056
53.1073943212605
58.7418300700832
54.3614238048725
58.3294269855008
56.4236303768998
58.7959437976007
49.9961348226929
32.709937426435
55.0320647680918
71.0406477970552
50.1512098470986
75.5105078950455
96.0276258517201
68.6501903166251
83.7692895687483
60.331253411755
100.528117842759
51.7173170225832
46.3642566458461
50.2922662185872
47.3554229335503
57.5824956680314
75.3972032439746
105.639242334589
41.5167036931368
104.14134709666
83.0379253635698
64.9204166898545
66.9406580634473
51.9124402438564
70.1768632616468
76.4136145220043
74.8740749167625
78.116675778419
62.0678319481618
61.6879056361039
92.6797010764304
81.1062218484527
43.637531841917
63.0693988370885
54.5208086243122
57.8813241680646
56.2894753608815
65.2601342772243
78.2610177278766
60.756883782461
32.3662346499143
81.2822115611608
53.1921896136565
57.3643766372229
58.7077825897076
60.0663472391088
96.4543074605704
63.8298795848694
105.354909870371
94.4878878096055
60.0272042056883
55.5008128256267
66.4796064702498
57.8471286141684
52.4902499595998
72.7822906258846
54.7366871440127
58.6730310208881
64.5099223241049
60.429422821346
48.8426781588449
45.4768226712954
68.9459741490755
60.1414179506956
69.920300361659
84.3635347517753
72.3902742219933
40.0400229572058
54.9636509042156
38.7960517571876
61.7879993622438
64.4404988144076
57.097230507429
56.7398193404935
60.6465684233465
61.5063611108055
43.0189561285089
83.5642558298319
51.6369937570971
63.1920564936714
60.7596393688711
52.6692370513961
71.8886705791158
52.6584426441861
59.5633100883294
59.2838461173432
72.9108642417087
76.7528542942042
55.1134279660163
57.3469472952894
49.4446366035697
57.1002549509112
71.8027674156128
65.0384187027802
58.3677134631214
107.881161267266
57.5681746643861
64.2058750992779
63.1406407261687
108.903900295592
59.3124314515542
53.6948937956134
66.2912744407979
48.8716406738466
37.8489290977158
65.7759188533306
60.441125169766
73.7863724319642
62.0781827249985
71.5511486276793
65.6145217030234
42.7176535021391
83.5776041082446
67.8451948649329
71.8771670678295
58.006175278153
57.8584915737455
58.5651272715424
55.918704593146
60.587294038174
53.5744849115812
62.8165539803145
63.8526876087441
63.3113633425736
52.9999222789818
59.7896990882817
80.3144580626878
63.5083905795273
71.7346832632522
59.3818208185248
75.9877248419385
58.2521415759082
72.6019663537933
48.9077539258246
69.0078401633226
62.0055796384402
61.4623832174498
43.8762829095631
62.2901660115563
62.1450882312588
61.6556724717465
79.1361677806548
68.6591898843267
61.2706115215529
64.7107706964818
87.6470172521202
59.4787430472777
64.0100086651761
47.4900119303098
55.4807449656505
62.1478014629514
96.0325972858687
66.081295221801
61.991205264089
64.3407684218415
55.0614138343751
66.093616431118
59.8466841504576
94.5350385036123
64.2873442033293
56.8560999067061
61.3563714620586
59.7359440255685
74.1289531251416
81.5466058972135
62.2370490215817
66.5791202897255
35.6286536772949
59.0404519404988
53.5843270224393
49.4593622294723
54.948734985596
65.197166687778
57.8569142527037
74.9675307746678
62.5693435902884
45.6506298662869
55.5168261769648
54.8312286465564
73.0258945068979
56.5637063481839
60.9537702562797
33.5071300074029
84.243205243874
81.8353440153476
38.5211623116791
82.0974174843786
47.9666225675689
59.5774273599919
59.5460313016886
89.767724663435
70.2429694958017
65.0334819113559
65.9657038412014
93.292408416927
49.7155509968021
74.9061441116993
55.7340383022035
48.3790166140082
87.5077884335637
77.3836208180114
62.0158857487107
88.5672564782267
36.9595970809104
42.2378440269598
87.3431849439513
62.9731475380539
62.1639550335791
53.5120034605001
56.8322765413253
62.459204680596
66.6196070837494
53.1394478328639
58.455120164578
67.6206418521919
34.2071728008397
65.1919241833542
61.6332433466902
51.0739806423166
62.3731230768097
68.4870376050038
41.509052578185
54.5233532507379
75.5216651809065
57.166775598458
56.8567084971102
56.463100154919
50.4741030368082
76.0476354548218
60.6129388702072
59.2454158063131
74.0325684291391
67.5580326479728
74.4901263139416
57.106249317859
51.4666277463371
57.9252714818938
54.0863461483175
63.6223207242243
52.5298174934478
79.3152320419573
55.2809754040163
49.1344839831203
62.6563691991238
70.0562290450092
71.6308621391001
59.0416037026998
69.8495251586074
61.9351778953227
53.3861077935443
57.8739107872307
67.6018273739698
66.7993443712298
53.9189727976722
97.1758205822326
71.7103711877913
61.5645097641265
45.2215575691778
55.0459845547624
58.1972326081469
90.5228809601372
57.5243449601009
63.3347620479183
57.72910976038
52.5261342605418
56.841647741382
62.556070336858
58.3443675100867
38.8833106846488
59.6634495234644
65.1014869624615
62.0087610980099
60.0997456265341
57.05797138291
63.5810802973659
52.0072835465997
59.7729276449119
65.5299598326675
72.1158277339447
57.0997229121453
65.501977247986
47.7522931958623
49.4004717505611
54.8047650350763
55.3862497928591
58.5960950009662
56.3885825234289
60.8245433692756
41.1761356963757
49.2945229993157
60.1930443122428
55.0722918605589
47.8807126024268
60.7559548070517
50.5506347954642
57.5972594146664
56.5513179349379
76.1378249197044
58.2684696620447
68.7527407437874
64.24062903662
66.5796748634069
57.4922717353973
66.5719102502393
60.1013239240738
54.4408418891661
63.6335228055404
56.1297338897804
56.768854331886
65.4189444134231
68.9258382685637
59.3788742386823
126.658861759915
69.4222094318659
55.9587425725126
59.6474316933241
78.3265690604081
53.7874862920012
110.367565276035
58.9777037550366
73.3417498467538
62.4862818308155
68.5777930848364
62.0335872013532
96.670700952716
56.623427937633
56.8665818753463
61.6384539034131
63.4138374517876
50.6877040558412
55.2571940380597
40.1705234677642
72.487325034501
59.7816227089107
78.5926746659118
82.750496942428
61.3199682698188
60.1316776862722
72.5556780628167
62.5177123185155
67.7883683854268
63.3997934746589
57.598873171117
62.5789456525068
61.9864694422439
75.1148514865522
63.5410560533032
45.3376246924466
51.6993281153794
57.7066619731721
53.3324852123404
72.1299277933087
86.2794943261917
60.5485223943254
61.4132248372844
56.3973109402103
63.2057972595492
65.8280099340328
86.5140995876095
49.1825372066917
89.9241455164033
67.3373571296003
87.0297997249835
57.6682403185813
94.9910030514814
52.7165520457949
79.7836677902909
55.6584889706924
74.7995803873093
63.8758927432647
59.7912399220115
45.5035603630803
58.5448700505821
113.477070565251
63.565099113557
60.8612613093863
55.8582312950697
70.0581467980212
71.3280202288706
56.9458452397806
57.471902803407
86.7878804581855
51.7670504868115
65.3369705740068
60.7250621910766
65.4866501200664
43.9852437132913
61.5391584751508
60.4746758990032
56.5108254144521
84.6165647073157
52.7283411898589
60.1654550212031
84.8958025989297
75.7692664291571
71.3373439256125
64.7081968855686
36.2533665944283
58.9883019284511
48.8486906893767
60.6070063787145
59.8862759523634
58.5667465443446
52.5919385501946
65.5622856973067
54.16651987846
53.4095204559203
85.7651080918527
53.5407593437018
92.1738057465287
75.5364236058113
70.6647060573738
73.460659611276
77.0647297906647
80.409883754743
60.3863538486155
60.9719651080684
73.5159319019142
72.9583025744674
58.8480864328161
62.3224622353922
64.101321390665
59.6476815615564
58.1796283772958
67.6932126144253
51.6729314442781
79.0026262107181
65.5661828638308
50.6471127278411
69.6413212195421
56.7948019740369
55.8135879450985
78.4487128628085
97.0890654748386
68.7594989546274
85.3194748502228
62.2206618105984
114.572598322542
44.7700599292617
61.7138467930055
69.370957898909
88.4538188395725
87.9260246144866
77.5474392242243
55.9311539737252
59.7546245373007
64.3737634074338
75.4140704280972
54.625650785509
52.6686260063337
62.8097409992574
111.078143781428
67.4706417534597
66.5583199395977
30.5802910343907
62.6885452046688
67.3421086272923
58.7128998581605
74.081095732094
59.8303477907722
42.9599775561503
77.3054336118493
52.7331425980077
61.3358761440917
63.9354778080461
91.6549093851781
69.5585749864549
65.7190556121026
57.9264988679398
74.9518906177341
57.9512532035083
73.4839103556218
65.4710805885854
60.2319607100139
67.3745431239463
66.3242248805524
60.0553065563566
41.2874819984134
54.7184723514948
71.0452727025202
64.64086240168
60.5392823234699
57.4819296464719
72.1086832680923
57.1439943386804
57.0448853513509
80.4713298597061
58.6579763580961
58.4495782860134
58.4735085017283
63.693588269408
48.3321870332133
71.8551661874027
61.8177403030009
46.3942923975351
62.7155128478209
64.5632153462555
91.6327355133276
44.1871936687958
62.1074073219351
60.509159411197
45.1362787212358
62.9032556008149
79.9222820224443
64.2280876901527
59.2979569160575
50.2875781850082
64.0645157636416
64.2935976291975
72.8398384785784
69.8439093506624
52.8391717353681
78.6683329486669
67.4847149046035
57.4360847115159
61.2335550710011
61.3058308564646
44.7211377248211
37.2031407095641
67.3053294250472
58.3005030480117
81.3168374963827
84.5993439798689
48.8659209920295
65.8464444017781
55.8900277140662
54.5248236140808
71.6837386667145
51.8360507912287
67.9320541901266
77.8016073481994
56.4991031816562
60.3366983998666
49.4196978445446
95.4190575026644
89.0547386229557
55.4110562171302
57.8660895760993
71.0906288702705
59.3287203251821
43.9028674363099
52.9330298615553
36.3916675707764
58.2548654869489
55.663422341656
57.1391449469376
61.9936417384621
63.4607676106468
69.0971504094664
62.0971744799855
65.7143173534604
60.8502212964691
70.3537731075777
85.4624068893708
61.1978438392197
67.5479071235715
57.879501471228
70.6993212472147
53.4136698515188
68.638791011956
60.5473703860496
46.8488768005725
71.0287134966716
61.3298679553229
59.456200585436
91.6012882179766
63.9922521668207
73.9784582198497
61.0060306602233
55.0121650889633
59.3008141668262
65.9255117565245
82.791933420735
91.0505868632916
59.8472905933394
62.2996213485854
82.8582554768314
77.6422831870211
54.8014750910231
58.6359136859676
58.3769987105788
117.445402764436
53.3038937571356
65.5768480513058
104.072290961253
109.835614465448
54.2300880300168
52.3550169874156
51.0785158210042
75.0638941303756
75.7039398311256
57.8015420954014
39.8581639193837
68.3654891506688
101.310490844933
62.2109965394437
60.9307126214312
66.0967661543199
71.1305070003169
57.3301016867877
75.3746476617219
52.7844259062664
57.6867951757888
47.7329995439799
62.531135772271
51.5055827332232
82.1706114050944
54.5908739784044
74.3150412908028
52.3242050109412
71.5277656758774
67.3964136028225
60.2947075224577
85.1534475004806
51.3838059618979
62.4577826226982
63.0959021946182
63.2623988321802
64.02999631626
64.4324664882934
61.2433312930775
70.9563961566427
69.2608681543337
78.181783576849
58.435169208557
73.9330268031203
72.9714583456676
51.3658777288521
90.3886957321589
56.1168059023119
55.8181137147321
65.8053935584545
49.0700562615137
72.6601816364322
44.284873387147
68.4845799658292
52.2084657830821
58.2855362641463
55.4803679305553
58.7342692300536
97.7577668565919
59.6760323100859
49.543224720116
61.5166752384322
74.520082708961
71.4612352392342
75.1353977650749
74.1644877704267
66.0209672138694
84.2386517807434
69.2184626018495
72.3859185867704
68.9795356432701
53.6276296556421
59.2947691867402
48.6675647337487
84.1799629120219
68.3220760404908
57.4244077039896
75.142117507871
90.4422324645339
76.9400133817522
68.2787951871313
44.5316030917749
70.6278911274916
64.9515778082426
51.9074224731012
102.576258638746
76.5813819937541
35.631418397962
61.7284541755394
73.2598984558396
102.116777239713
64.1278814833591
51.1148565984615
69.0627704238598
72.5389459212599
62.3993157067752
66.6049848783044
84.2576904897682
73.9390779939239
60.6811236410781
71.5360125496429
55.807503716288
93.7246215563645
60.3717219756991
74.6930500117753
89.5649567338828
38.1193709894104
63.4089294529834
106.992835438087
57.7376039929988
48.0568348175278
75.9529555036415
54.0425359057782
55.6003429450214
62.9032560039152
69.3040859230635
76.4129174202154
61.6711783162818
54.4009398470131
53.1331247227359
73.7136892407944
67.0533513058562
55.9292534004319
60.2604091903982
40.4967384390277
62.2608426847737
78.7014640334233
56.9011201113772
62.9217834677705
83.3476953916637
59.9707600715242
61.9173839030338
76.1096465160275
59.032625428167
62.9258261791219
57.5770177545758
62.5274529231749
73.7871835380092
73.7045606875139
43.2568039390928
73.6118175098738
58.8018684748987
57.3536678414693
82.8075238302048
60.0397577908724
60.7866221507021
75.1545235413784
80.2932825543794
59.4105941193797
44.6233036036459
39.9262083538471
63.1422307467008
54.6020712978225
95.4209587747143
68.706045257478
61.719162281242
54.663209309402
90.6111611619056
83.8389116108222
57.3540843893484
76.5040099504631
85.601958845968
91.2272079337393
67.6279936391974
55.5406829884628
61.5050627283992
63.7201965441592
61.9982302289311
59.2113923355592
54.921683189364
48.5373908870235
76.7878645125474
68.8794343472403
60.6789194800062
67.038283545379
57.3704563279003
105.839276679479
82.5162843415914
59.6407962285338
39.0961178466
59.491252249624
65.4776879074734
69.1083890598385
66.5752983119589
59.4446378416049
83.8482412346678
62.3345603077984
83.0192476415654
50.9837026736798
59.6592938942891
86.4854011833636
75.6443534503044
60.5284985688351
56.4558431203797
57.4530835553131
52.619791359087
52.2210654466765
57.5013973780531
59.2857741256019
48.1095386452461
59.9030279467241
52.7475265858156
57.8096416110459
55.1418733273053
60.5622519152418
50.1703861793197
55.1633550509657
73.5966008879122
58.8943845887085
63.8390006659789
62.0592496939857
63.5010376855171
61.5312964019156
71.7243907171984
57.8546103995254
63.4602688403008
60.6154300070128
58.9362473142683
81.5339222072863
65.571477710462
65.6506916611476
73.3392245641877
62.4699765518136
61.4733740264216
59.7548926674284
58.7887546286747
64.2016283010025
65.8887713105379
55.2724416160487
58.2895829635104
55.484356037181
56.84313092706
62.0348378019717
49.1723630751166
118.304026662192
70.5586707271892
60.4368495127685
56.1307736540353
86.4393409446118
60.1473991269018
61.1335242266561
52.195748196203
61.153459200985
60.8727420881578
63.6441782772976
61.9820865209258
61.7760344876349
86.0655544434553
56.2816071015418
80.6135967401267
62.7843143360435
68.1029174226836
76.2820156261378
56.7249590694297
62.2624728515897
75.9518864767277
66.7712698812433
79.5679831795465
69.7609306479969
53.7351709086036
67.9306368172675
69.4631124480407
46.2778137189565
100.492367247502
60.957965348789
48.2297008647185
99.7337189699663
73.5368844160736
75.6694073423039
70.8443614858015
61.7821907089132
58.7278756759377
50.2992560367718
67.1502485588886
68.0841439343019
62.6094336649418
66.7998263122993
69.8798983499403
58.0900933274065
52.8976050870833
55.6771321195114
93.1782935747848
58.6053978249336
54.4418867330104
58.2422584467625
66.1721270701409
113.827550019357
62.9800132407613
63.6206019699291
56.1824421906051
60.6830957614814
77.8145934125219
76.4694415387668
82.8490062372919
82.4817606733853
59.591315071283
62.8616468613157
103.070486691811
70.2136233442709
48.0157344987388
40.1177022472607
63.0173844306489
70.1743758002836
48.9707842059231
88.0848993903449
47.577189399308
68.5660701819961
60.4192092312573
71.8485184313945
85.5581812302077
81.7573956887903
92.4610920353034
77.7823869576353
61.1127802757299
57.3730818212049
63.9133285048493
58.6661053924365
76.9470464532397
62.6836523448981
55.0152450484551
80.9472277886953
63.838558848351
54.4514325697034
75.0009358458811
63.0603000899444
91.4432323368985
61.1931489167389
54.6545001489226
72.4848289394324
77.4598366057732
82.5475999823463
58.8666133034112
60.6486317168486
72.5460156181975
77.7101168548116
51.5345311710448
59.5810772422217
62.8446275162571
65.9919407010458
56.9747561369848
64.4097678693498
57.5352688099545
53.5113825066448
55.5952114343331
70.573811090605
62.0145546637066
66.9053508309058
67.7083160973289
88.5462438345011
93.0469705662352
64.7729705469812
64.6118659090448
70.7124931707642
54.2214920878585
59.0666495874059
62.1432887021556
64.0824209355432
69.0761825903405
64.0502335891313
58.6730446541422
81.7125637625108
78.5220408509879
64.5005466762373
55.5483079470775
37.6847609809282
48.7511491282979
74.7014189934397
61.4813083535319
57.1027406434357
101.693847444699
62.7893815340052
59.5217472325433
62.2096710988115
68.7394739848704
61.4878823304281
42.7771910657484
66.0042195234891
64.0228763206546
70.6413938048262
60.7118482682305
43.5132237932777
69.0305691210336
69.954730450061
49.2133627571704
55.0967883616268
66.4186492562069
60.6975322034572
60.1931717267219
64.5658277972906
65.3369741362255
63.4243020154741
65.320236284689
75.4836478376873
70.7160164240171
84.1185503573827
58.8606446845736
65.5956706355795
63.7308372797756
68.9080951568096
59.0450879969872
80.207763868683
78.8036595011661
62.1003727271547
52.3892080377336
61.486277781782
41.6623747298609
67.2093015936113
74.2958865371125
62.3092170700776
63.7557130198446
68.4968487239634
89.0989392798079
64.2945343241357
62.6812141782747
93.9162748755087
62.3841072125334
53.390407938834
64.4553249618007
84.3439628708804
63.136850229699
102.468603636477
62.2718332776077
65.5516986045575
60.9248219885274
67.0275460093037
84.2015731848191
61.9011229435632
71.9790513610705
59.6879723620974
59.2340047217195
66.7023362813592
47.474988475303
68.9525700524115
53.6456158023549
59.0715449596107
68.1681162263302
71.9581087828032
59.214187159492
63.7367830089672
54.6848232174695
81.0666312912564
68.3957413701098
52.6520928202305
71.4968828881948
62.8012827874957
66.6185323299445
65.2958515445218
58.2255783472352
82.7204382699162
78.4606538755277
74.6651619963
71.5018912506391
57.5643394580118
54.0693059501077
69.6277811825429
93.8849140191332
64.7659807199729
116.731919888942
49.8765024478198
69.5772840676757
76.6554511874083
68.8792522992914
52.1350313156174
60.8760468021503
76.7104527246438
43.0153008075763
64.0284684664789
63.1620539886709
89.9833061607371
64.999803170985
39.7526128443389
65.4597224192175
107.22290665769
64.0268599559708
71.1134432801271
63.7860843521464
62.1956924170753
92.9500470621486
66.7168186946951
65.7502436994546
63.496539465384
58.535532054806
68.5399493332692
62.8289038217041
55.4111311188559
69.5516982759972
73.0545578058053
64.4120802650622
80.4791909862494
87.5257480288493
99.1124551950059
67.9834270499158
71.3463418293653
66.0588565296233
71.3835219053996
66.3845854048335
68.0484976178966
72.3430863769939
56.222129814139
79.8306223356955
71.2460939909375
70.4383618543766
81.3177912142849
101.997553552678
82.9333902581952
57.6057024295738
59.6684483396206
48.7013065115399
59.0289425846374
80.0898886974552
53.6999556356676
65.6431203773294
62.5398970297881
52.402497627888
61.0400982354128
66.740155984658
74.7247109083814
64.1350465003059
77.5363473150826
76.5694580776609
60.3390898102656
68.2136520381937
68.9152518422678
68.0511261545546
77.9106019414894
65.28606072237
64.6244213049491
60.863038972676
55.1276466546401
59.7012702425353
54.7610840934396
78.9131683642852
60.5241786226484
62.587078505823
66.1809128556565
67.2716927403721
65.3799637122576
68.4902464213315
75.0743426346443
70.7612789079338
62.1402766426889
81.3832202531521
61.8768862049808
51.1322698021456
59.9946707837248
74.2193814746107
59.9296203005537
66.5682883840444
95.6372243114749
36.6864168270153
109.659742744657
68.6236316469241
74.3674239767415
108.552926699359
68.4691250282116
76.8855444707179
80.9141592706361
76.0892410362098
65.0068582592287
57.2211041713639
67.4063047622981
95.1558134457259
65.4880813513414
68.6954870539692
74.3145556628063
64.5357640999639
116.765534778529
60.3935507453994
81.4132072441986
66.6132022187914
79.0373227447088
72.0931142158752
78.761113786473
72.5341368189565
67.7681274475087
57.5361613008097
74.3395560889055
74.2417626673725
70.7844082680317
68.0704863000197
92.095937917009
83.3092118947226
62.1731423466541
71.9891836664987
47.7800252984504
75.8827488007935
64.6078839762161
57.949679153986
106.962066469229
65.298714648445
71.0171311077905
69.0644821403679
61.0541149298694
80.1030686867576
65.8400697673414
83.7491451544848
67.8933617766552
59.7743646004773
77.4735835585418
61.8970166200813
72.8208502321686
47.5635277620403
66.2902353092088
67.0611208101141
64.1096388148735
91.8286009881811
60.6637217404406
65.3982295525673
68.7966090691187
66.2355038420987
79.01441722169
57.3028044238081
58.6874182069087
74.5238413329806
68.4860121689066
62.973492564846
51.7642304287912
85.4308334398063
88.2011671577345
50.2262354952971
67.4069653113805
66.6370276803029
56.8698775905866
61.0830092989715
65.5637000135911
56.7696640386926
57.4766941515295
68.1284107422598
63.2479753512723
85.7787173846699
74.7778886239497
80.2458774358469
63.3129480417328
57.2695209022185
74.3782634312689
67.0770640346024
65.8509797552717
61.6140421698908
80.3555473526439
57.9846689068709
60.5071632494739
65.4473759821275
124.306125071875
75.5543552145193
60.7433254942742
66.4564168372932
69.4182277086419
95.0702527906268
89.9406074160953
59.0747756470799
69.5254961601323
70.9193785194401
62.8971929675823
57.8300717477772
58.8011255676776
86.9208057589668
62.7195955704331
44.789668339385
71.5712848099245
66.4939160703025
83.6327637669291
50.7127469036861
51.2864694142446
68.1794514425848
67.9403536552917
57.4055209426186
66.4997329640018
56.3127460024431
107.398915215127
59.5428273915617
63.6275365606112
60.8906406248275
53.881949901563
61.7188105400857
63.3635694914572
58.1899287558778
58.3546240998716
72.8984430252822
65.0568438614924
85.4917612997223
63.5082912844984
74.5382745842012
75.9374685417037
79.7319085132416
76.3604529686202
81.2040029982985
40.6123221945587
53.7982712301126
61.3978239872954
66.0911712210294
64.7479560432362
60.1770128480917
65.1570550623859
68.8397651531705
67.8043356647329
94.8987390521552
67.1048181215027
74.1062421570437
63.5050348611173
60.7221184076266
104.035273775817
82.4207448134032
63.7453698051978
58.8952624756664
42.9438525819997
61.1991362846381
74.2580616191325
60.0753955690767
67.4663095803315
57.6847125986639
63.127980908958
65.0844030748798
79.1404012806298
83.4232947393204
64.9060699729622
70.0860687387037
76.5939786192386
72.5281027419595
77.8733918027983
42.8083640321637
66.0703410572604
65.162857580226
77.3099140759509
93.2738549177559
65.9030891877684
69.0883505752808
65.8391791510856
100.742450964327
67.9664670455792
82.0015250035676
69.0128575232992
61.5549153975035
48.4619841226566
66.3765244300104
62.9377683522312
64.1061680841887
70.5914057527648
67.0309796196508
60.0140589177281
65.3543283682071
66.7939574107218
60.6150155331829
51.8220378574457
62.4290825499347
51.6783316654481
61.9208273952903
67.5019117435808
62.6197026753758
63.4825587856028
67.6255462720652
76.0535855051585
91.7679820157872
67.6063344904427
56.7394034147952
67.3137621434652
61.1663121389212
68.650633063982
73.6958325351914
73.4585033536907
67.325736426798
63.3900464215128
70.5403694142604
73.2833193613567
59.1066408230865
65.5186061395304
70.2575208524283
56.6917325399454
52.4517932057325
65.0136202685222
75.8448620678432
83.0060071854898
54.4805217830634
63.4664249112153
66.5019548360906
71.5051979895578
69.5565264974829
78.0399890357662
89.4202159863816
70.1069706133379
64.8594585056413
70.6061718360001
77.7059962065142
75.1344434024503
90.4072623670022
67.118796663266
94.1317524495
63.010465236638
66.0792661595739
65.7526276418191
63.6466052469198
78.3852119648758
67.1601007359313
73.7371664996272
68.3785975485089
66.2905603276272
71.0777108869926
66.3707540892355
70.7608998844147
68.733582956747
70.9140791623769
64.2558017937462
62.1364306161888
68.9745549393684
68.9660077719108
67.6649957517104
71.0429526546133
85.1246714844796
65.2734946762686
66.9450835050412
84.2151429689503
67.504263793214
66.7189330352595
92.2174103321797
72.729701641138
66.9315552457948
66.3980086626147
68.71376281017
68.0845339124564
69.4508364966927
75.1598885376864
70.742868205805
67.840919683321
78.4707493438756
68.0079450640139
68.6808922466506
74.9686382667035
67.3180280164393
67.1158673490461
68.2109508737303
62.5510929676021
73.852017994231
110.782857534622
119.575480179355
75.1082105615173
77.1946559681683
121.170346367261
66.9557228862012
63.8428067928841
70.4816170513156
61.7068315457654
120.182234969195
57.9887413443169
73.1125120941855
60.263472392758
62.9636450248259
73.3571781957912
68.7004961792223
66.7861413235595
69.7311799823341
67.8168984444845
91.846422743066
67.5242290856442
67.7823527865628
67.8460944688608
61.7098802214289
59.6882572921045
68.9086152247628
66.0777131727114
84.4487295448312
71.7120752796497
59.6744120974547
94.9470670010421
69.940544220958
76.146279338919
66.7631345940502
68.2469999725023
64.0465432336888
40.9280086619276
101.639017040302
84.1660270622801
68.1121542060107
66.0592412481498
57.4691535802817
78.0489419026228
65.5452541202333
71.9197765094418
66.5715406060479
61.9488962142137
59.4804430166894
72.6841821717217
75.5631993112732
69.1332437119952
64.6645264328324
91.5251523430194
96.7497240596142
48.937397454814
58.6560675546569
69.3764138381023
68.0276471119369
64.7628193400315
88.7333552563863
95.4454352019716
70.8423153926269
73.7398562751616
64.5953433266737
59.5112350268486
67.4455653070156
62.1367914856251
66.5318659459724
86.7508402773539
50.7873079825403
53.9086353836605
65.3437201402653
94.3514414695446
66.0258390546762
67.7043047528935
66.78399426772
70.2212271719388
89.0333001354368
54.5731754683176
75.5106516472102
68.637452677884
61.6565906827073
60.3338315119379
99.1160977313887
71.9749127825772
75.4527703542514
84.9700556833102
70.6938956598995
82.8409777353347
83.4483129638427
68.0834497230624
78.275375425086
72.0684848700991
69.8026974109297
92.1203530752716
66.4285379205203
67.8878945519517
60.5972044781271
75.9128203640779
97.3612076337262
62.8122582921507
66.0539140598657
68.8267251017688
57.9676882064278
70.606900084529
68.2000090032831
67.5481040988883
70.3637944133614
74.4900743836719
72.5272023608087
90.8121883362071
64.2256867323641
68.3368938345219
68.6116298361125
68.8576171810799
71.9812420321009
68.201927126996
80.2693005880616
65.3259835153927
70.1619520360661
72.8779526121503
65.9483750950774
58.014446236798
69.7430079944753
68.9607235694115
69.5365447488977
63.6914364950066
69.0566141698846
85.9496216657884
60.3232997678488
65.2702659879349
66.6499415526231
67.4423980186059
76.6250708497071
63.1362195352968
63.4722078789753
68.9573251039493
77.525940414677
87.9998019064181
56.740873504452
60.4996153680625
60.9071074911883
84.6861798226722
61.4606943930257
73.6845079052248
96.1556968021338
68.8629185339085
55.4684931736141
62.1434845019091
116.018222330784
91.636721211614
68.9849872836633
63.4963982951758
73.4754077307307
68.4020724441177
64.5462675788994
66.2176765085199
67.071345833039
69.2346109375295
76.7930955357719
59.4652787927041
69.8732472772437
55.4769275167715
53.131723300988
56.2610168209945
86.5930897133966
65.320220254877
62.7018239582615
68.3549872976511
69.5624636556408
67.9919538746165
67.6507324147729
71.5083557228171
71.0495725256386
58.6080445966655
112.573817236766
64.0411772566295
70.6415941730613
84.6097841365822
57.7355298944109
58.6351284359855
64.9764993514813
61.5466674793971
67.231338889261
65.1873589655698
65.1575160392245
64.5646490945222
65.2595169776672
64.5416338337629
64.5334923833039
63.8168464160089
65.2766552973821
64.8012694052696
64.2162510792945
63.0210263822585
64.5470886674135
64.1405576774727
64.1997538035908
63.7769554295176
63.1041770047255
63.9839002028525
65.2179192917545
64.0501214374395
63.0335363415294
61.7569995702536
64.4064255317707
64.1703956617442
64.7367065356362
64.7690483190847
65.1747752672871
65.1133526081759
65.3873658811498
65.2766564687807
64.7944671978211
65.2950049677087
64.8615892018451
64.632412413197
65.7266425504722
65.1177542461815
66.7253514955592
65.4412008923943
64.5963742965547
63.4441910994018
65.2967559556913
66.3487634124079
65.3817224273843
64.7133407139082
62.457590446548
65.1699799274458
64.8731944392812
65.8902661715615
65.3334341330003
64.8880700673259
65.0602712705013
63.7911760672943
64.396191936697
65.0423679650692
64.1544557091317
63.6182288822482
63.8068802586703
64.6395852841691
63.9867393328903
64.6684418735743
64.8509005855571
65.1426146967684
63.5449804846484
62.5316889746974
60.8124242744828
64.2147502844484
65.781644440992
65.3248610519226
64.3502040692248
64.2967084608833
64.0401730210088
61.8217388569786
64.3374031103725
64.4855244283047
62.1143278055797
64.8882634721465
64.1076146830655
64.7412643627812
62.472264473514
64.053669508037
64.7780659699556
65.5169960948222
64.012940952807
64.9706090801235
65.3211557927403
66.213310643804
66.9543459724516
66.6917985710628
65.2574549525719
64.4203535054582
64.773946427013
63.3475192507655
66.4750695796383
67.9159364714564
66.5431156239782
65.6514061521684
64.0483205700259
63.3545254883973
67.3772119215901
66.1310436469655
63.9780901643668
69.3033399243084
65.6781292126991
63.2298073845264
65.3546081286014
68.4553273001673
63.1753387230009
66.4145331915891
78.6958936728358
66.0299165929551
63.9200542726671
65.6010510369817
65.6157689706473
67.1667567048444
65.3621739488713
63.1484468110802
63.9287992690888
64.8830124350795
67.5915479029225
68.6195118454422
62.6993021046084
67.5801757678229
65.6252438627259
80.0169819566547
72.6363979606519
63.8963529800053
70.3148168583621
88.8742320851659
68.7176926109007
109.774822538511
65.9627009514012
50.365485518696
84.089035751282
65.3912997312858
67.840138712575
80.1986403412221
92.1623426043427
60.747373915647
71.5920711347888
37.1561368884566
73.13516614569
57.5262867683177
56.4769254818112
53.9409432323598
70.1159770295037
57.4293765082925
52.0877451608309
58.7640488250527
55.4900754540287
59.9077992739086
70.7091555653068
71.850437197164
78.0504067645251
92.4023649094906
62.0488481312413
73.2455437320134
63.5113616573752
71.2075217428443
80.5725672688549
72.2492054522171
77.4228244543007
74.6638477115575
66.4080491622385
61.4586984870147
65.719670418886
103.65267859031
71.3419843308386
93.2666068782616
74.9799060716582
58.547103701704
95.2241835036017
74.8340021477848
71.9484062044875
63.6455423323468
65.3958357186497
66.5289356877775
67.9757358202236
66.57786200189
66.9672081866378
69.0384099348208
66.2072429212575
70.8179146001257
66.6588495211377
69.037204286541
67.5533970174472
67.1037143605116
66.8462186598521
66.831000684196
66.1482776822088
66.0430948966065
66.1403463069229
65.2905118916724
65.4909726525999
65.5519621544113
64.7396302498317
65.0425979407875
65.0173264976265
64.2996887786697
64.5348266826284
64.7657916725629
64.3725404890551
64.7528313380191
64.785665757417
64.4441632678035
64.7544094387233
64.9640601437937
64.6530089967189
64.8369249264164
65.0085302056787
64.7363621904647
64.1332821035134
64.9626527940808
64.6779323649617
64.2197122426367
64.8664144933787
64.6237338814531
64.2114826651111
64.9902980994787
64.7488610342011
64.6053560490346
65.0909775403671
64.8636297232969
64.2136839273723
65.4278856042458
65.1309772681626
64.53470636731
65.3985023045351
65.0402311976279
64.791194670452
65.3950940385494
65.0329383614292
64.5972758787267
65.2218338608551
65.05450264798
63.9453617899669
64.8763507530584
64.5113607886565
64.0331246546462
65.0553336088701
64.391381435629
63.7902217280994
65.1000825808566
64.3142464915851
64.2943431899001
64.805455968533
64.5384854613739
64.1594706994107
64.6021637788916
64.309170639804
63.7293326196929
64.7198336874084
64.6491733355849
63.6623272316096
64.79028085805
64.664512898175
64.1296670705295
64.7703139923213
64.351598190258
63.9261205070663
64.3488890742967
64.5902493318252
63.9599986354546
64.8467711485687
64.8710269075213
64.2556180878259
64.8846237245987
65.0940881264992
64.6883293616593
65.497627104066
65.2911661338994
64.5401724692736
65.5315556870675
65.5760614843734
65.4170317876993
65.2962279283661
65.3044201716568
65.2856544386219
65.0314912557219
65.036335425351
64.9931909630425
65.1454861923942
65.0708590877775
64.8169797331266
64.7186265132528
64.7634285446728
64.9079073138821
64.8835752333064
64.8797841831535
64.794440635373
64.3515344960406
64.9735203087021
64.6160962065206
64.7494691880799
65.1655056115982
64.6597750105576
64.5674843266698
64.8462944237524
65.1459020654813
64.79750415777
65.1540403246263
65.0714811029557
65.0957826891407
65.2592286688408
65.1237452639398
64.916463289886
64.3748713953112
65.4608530764765
65.4393808589468
65.6857816967628
64.1601807535421
65.2655063939937
65.8932043929687
65.3945008028263
65.2858149285452
65.1509127238046
65.059703521615
64.1605149777074
64.9306199499913
64.3020102305402
65.4516826866535
64.8025656212876
65.5615813571965
65.3144053693421
65.1544125556334
64.6097207999422
65.2223899354098
66.0003590938165
65.6679256766947
65.8050213350893
65.655598902188
65.4941754686153
64.868862650584
65.0491246928438
64.7934011791608
65.294896350205
65.2273156938356
65.1913344246943
64.7215684420268
64.3721411851057
64.1388251835959
63.4577741083554
64.2052908335054
64.7403332269202
65.5028597771056
65.2568066643256
64.2113777680019
65.0217383366093
64.9109315437518
64.4270873027268
65.1774261538668
62.6940498048075
64.7848490601766
66.0062918473398
64.606881481521
65.593145026128
66.4247324174575
64.8925530760017
64.960211553644
62.5752060576128
65.3794541762263
65.5467050213648
65.4648672784909
65.3100702376881
64.3176624310002
65.7144237149764
64.5925745112428
64.131082091771
64.0223238699438
64.7254309554938
65.1016641436445
63.8266334691219
65.0889647238787
63.6564931053175
64.1305812944285
61.1244977385826
64.0196528255558
65.7287126694716
64.2710123825498
62.9230736037444
63.6130430965641
61.8508113423085
63.898412462605
63.7683362707059
70.1331222296856
65.2547983956035
62.3771162732721
61.1675506096756
64.378913306403
63.730784277123
64.0403940391362
62.0245302696163
60.833622502643
66.1600038417704
63.8042118677909
67.3348529291879
61.4022695037388
60.733379686637
64.9454814475442
58.530197801605
68.1394249012222
86.4283496729154
62.3805267944192
78.3664331362274
61.9016789774869
89.5450073023127
62.3864889324592
61.8334976446479
61.0303510386098
72.8045722116956
63.5992335583577
62.7709584658755
52.6292529729068
49.5400342904758
51.5948045861301
63.8309853765869
53.4460767694168
66.1747997984682
54.4331032676257
70.2863436769845
71.9924712757607
84.9201769218272
87.5588863175438
71.9115308595332
79.0453827560202
84.9504638848208
48.9978430439822
66.5969721556546
83.4565164796985
62.1966376005133
40.6913458823838
51.1879187870588
70.1778345917245
89.8209368679853
74.6231185149371
81.7576602880733
54.0412174147045
42.1457267873189
45.1449395617973
70.6412224105529
72.8179681074009
47.2954992220791
86.6141541622078
82.6963714054477
51.7785466764703
