109.55689754162
69.9877789277356
60.3161283034957
75.6935588856608
71.0846499159653
62.3506748626349
69.3136940702532
67.7366666306342
67.8460135959686
68.1127578441256
68.2721294243707
65.1908762033365
69.2127268511494
68.5695140642698
68.6029146544279
67.7041238911138
68.7463267007807
68.015935334851
67.9112061987206
66.8961152383121
66.9449209916416
66.0333876345482
65.4705131023471
66.4237402040056
66.1848756329339
64.1583749958273
64.3235034207179
66.8212926810334
66.3762530745792
64.4393351485701
66.5285270833298
67.5784349972163
67.8324572180431
66.5162741957073
66.5860044956816
66.0717102554916
66.7071973087074
66.4188149338358
63.3094722675543
66.2307072238769
67.0665584727009
64.4922092537242
65.3347102599091
65.2808124804641
63.5880685752463
65.4211174516884
65.039924277198
61.3640438252288
65.3897040173042
64.1482526912637
64.7509976835477
64.0605327054431
63.2692958977059
64.9540376856812
64.4413344478776
64.8554032784493
65.0924665870986
64.2629800385831
66.1946974696958
63.9018369348315
64.140654481657
64.7625379358125
81.4793559236435
80.0815453648821
60.7540410034881
71.7977266461577
57.3280791332796
62.8785320244748
58.7211849249734
61.2949434819202
76.185037873595
77.07882333557
64.9033380349363
64.2637891008336
62.8231462743067
97.7844256640754
70.0574679681388
62.6616816908231
67.602450592936
111.199071022363
50.30516799661
97.8985826302596
94.8455499432646
56.0330067628863
68.4456063677793
87.0859824743128
73.8665577334154
80.9574881973063
46.1624050715919
55.4887666744183
97.6542294255708
86.5444693790568
62.0629097663318
69.2392441872071
59.3700034843791
58.8278643538998
55.6383542297436
66.4910362008672
96.8849624247796
66.9599592223346
29.0700357435256
91.9966786353803
37.9924642579428
62.7647712239492
90.3524520979644
55.1540784545711
47.8702851138075
59.9872368583342
46.2524938160471
41.6787459682502
70.1765557220119
110.301393094301
76.7120547131546
66.7662201425542
67.3997608883217
35.6626284569836
94.8581819671066
76.8543499945276
55.0927015766496
82.8999430094288
57.3434598124687
50.2074614516863
64.1607870100553
76.6603882287294
47.7704200423365
45.6557314458346
90.7859035049346
80.307797289403
45.0242095101991
58.2176785934758
65.1633504854147
85.9486250606195
87.2231568700265
85.3249963332807
76.5848721238441
79.442442965283
58.7304018319116
60.4066856358838
61.8192831345199
63.2882641491923
64.3807028164335
65.424504935655
66.2865316080585
67.0499340766704
67.7293735474291
68.0291039961352
68.291135430661
68.1400842294087
65.491026456624
67.7434374288686
67.7609832530734
67.5921432595905
68.1898797681609
67.211722955587
66.9299171074524
66.6751390623578
66.2218151590394
66.3087826477619
66.1761620765099
63.4923599788776
65.7745946018321
65.7443132510549
65.6151237991322
66.6071884666681
65.6374316624473
65.487517890201
65.4594518980531
65.3228887922884
65.5011850027573
65.4739672722126
65.3969652333429
65.263732864108
65.4436612142281
65.2616787828441
65.6723302637198
65.2147202047577
65.0751352011492
65.0722967861703
64.8775464679265
65.0566067545942
65.1608373685104
65.0776005925927
64.9659448902799
65.2925796944787
65.2005604440755
65.6558075815219
65.3969343712936
65.3488168019609
65.2834140292552
65.5270000021544
65.3372587879259
65.282978785803
65.2306875974377
65.0184970338403
65.2049267655847
65.1246360530708
63.8241480907122
64.7464851366471
64.6988035704486
64.6008302543257
65.2739743083326
64.7062425471419
64.6290764623606
64.5985048009851
64.2897311460675
64.438897288126
64.5399334064704
63.229527103888
64.5142757361936
64.4565289387226
64.2921358531921
65.0825475225155
64.589728470563
64.5766704292513
64.5175047220024
64.2502782987027
64.703869702357
64.719265474151
62.158639834582
64.5802176611842
64.596805723919
64.6759447774391
65.5789684407686
64.7427986715537
64.6819966549244
64.7853054566014
64.700058977758
65.2971179161045
65.3670532697181
62.9006316473452
65.8864411705577
66.1622336253525
66.1198545488979
67.0968822321506
66.222151691
66.2305377511623
65.9959073453484
65.6571329178386
65.854374579011
65.7055189409933
65.4357043077934
65.352668713063
65.59294895533
65.6329818873911
65.9429544079515
65.4000275372097
65.3457762142047
65.350560658122
65.5557530987094
65.4671181021729
65.3851871720977
65.3048012100621
64.8752146521305
65.6409421039327
65.3716745967807
65.6665769013382
65.4258829887248
65.4449935561794
65.5626831695657
65.5144865311927
65.5655340811855
65.4759093441735
65.6108473983488
65.5868289614044
65.6245277730325
65.6806853829299
65.6490853239663
65.5856195411823
65.3696416470767
65.7739032493735
65.8038201050871
65.82318894939
65.1129778415641
65.4338856659401
65.6478746200503
65.3889036360466
65.2607978966469
65.0953772471717
64.9636646490421
64.4703091210634
64.8117176992484
64.6742009077283
65.26290443318
65.1208346920887
65.4936775266362
65.5242599547005
65.5313472664637
65.3831053808134
65.7365329868174
66.2030124502069
66.3441388322011
66.4550224121738
66.3469738081544
66.2949390153135
66.1329485499152
66.1778482493968
66.0152769352112
66.027633528845
65.8390451900536
65.6170777876983
65.1063831802016
64.7803087659154
64.4993258958426
64.2049165994276
64.5021167135925
64.7695515715833
64.9655294844141
64.9665997884349
64.8319379291404
65.2820989012585
65.3313366459726
65.179207721553
65.3953470695079
64.7820022455673
65.3205213226228
65.6714893625884
65.4403596136347
65.7416152500242
66.0138281266649
65.5961816827281
65.527626903337
64.7568726776164
65.3036855158997
65.2399402182388
65.1024136036871
64.9698659567594
64.6615057706401
64.8263684198992
64.4469817973188
64.1722954972089
64.1675139278876
63.9986333001026
64.2766303312351
63.6068576236564
64.2650241406605
63.458273090868
63.4758396794459
63.3132469701901
63.2079831072803
63.6516453692316
62.9056843536079
63.0066805346954
63.0982976784192
63.1852502645846
63.15589785903
63.1172319640172
62.9270250416521
63.1149126202537
62.9377945151024
63.2681383252735
63.3501644135224
63.238220656368
63.461415913399
63.2258399625615
62.7555589712781
64.0488218000444
63.3670894354709
62.2742971298642
63.1931702294989
63.0120500047463
63.4269662722894
63.0890417150285
63.6530385217386
61.3260664690838
63.2864556162704
62.5814766717665
64.5400177408739
62.0650741804782
63.5897783106115
63.7981808462861
63.7140268894928
65.6889537586906
63.8112927356847
63.9027983932976
64.1828108185174
63.9555125862609
64.0421842168024
63.6883653106857
64.092425530854
64.2621614353699
64.901328244202
62.5885074505386
63.6197671208142
63.0505795168437
62.8044429361878
63.4575984517428
63.6436685433335
63.6577645301438
64.0569199155807
63.96010061577
62.1132188409149
63.9808947455921
64.8235900255582
64.1127555811612
64.1512887390089
62.7278754878484
64.4586689553103
62.6972905448505
61.5189307162611
65.4780160786275
64.0325001744721
63.4800415205708
62.9838126541244
63.3305160446346
63.7822185647863
63.4225528740372
61.0224358641254
63.2053758474402
64.2613242271014
62.7447890829951
64.3702471862146
65.1442615541608
64.378373976194
63.5573656827159
63.7131044770517
64.3282089124602
64.0462987535794
61.4694916563604
64.2751619428323
63.9314381594446
63.5634583765205
65.605228776798
64.4737871423791
63.1030569020281
63.6885231035167
65.9803733045515
64.9232896823275
61.0840482933719
64.9263140830949
65.2349351843737
61.5822571277819
64.0671296647703
60.7934736707846
63.1596445122574
64.0516921680439
61.1950413485868
64.7447106100197
54.6102495578946
64.0716467783031
67.4073421622155
70.5119782956363
59.4824742414536
69.2037952095765
61.6508928024864
67.5955105942567
74.4609081264728
60.2762660652151
59.9604708209904
61.4277231010209
63.9444823254443
63.7155922720554
70.2392208359248
66.6733614858021
65.2076542279371
89.178009653484
55.3922639333444
64.0478757979041
70.3512766441784
64.5330159231025
74.7493200881703
61.7587886046098
70.0025087136227
49.6359165467855
59.132728063665
84.1601627352629
54.9174751509583
55.5633002012244
54.204717745345
41.6575603693639
102.816296397708
96.6000227084637
90.2159529262023
73.5344390909519
61.1884146614797
40.5469039287917
95.8564109702521
64.716258438134
56.7111387841163
52.8721752820628
57.1024648664731
61.8822896329218
36.7951699447335
78.4512065051068
69.9964601817428
58.2538915379465
65.1358602716085
50.9870505599773
71.1343085768593
74.8205904842142
64.5332256845077
39.607221639405
98.9554766413596
46.1742899921538
38.332229596759
60.7843379206904
80.2247612873173
66.3838994102283
65.0623022367889
83.9354321616446
62.1599003340745
78.3044796041963
72.6288691117713
103.040012771868
72.9682401743694
54.5581703427607
54.0165666439504
79.4063628846164
51.2991233389717
78.173607652571
59.2523322289958
75.2026507244776
48.5996925958785
77.9100590032491
38.3553759342585
58.5989791959956
42.9468756961718
56.5784224913885
88.2602224770527
63.2718228235854
57.3374724334307
59.8158926275736
61.8518044162475
61.3867190667273
64.5360167515128
65.4116756307229
65.8158775144082
68.7630010748729
68.0663168407988
68.6543445778589
68.1382337346785
68.5897580499645
68.3603507398887
68.9624982563599
67.8533539550228
67.7710120253859
67.8201353409259
67.6332874059855
68.6084619372109
67.4622716848078
66.8360361812438
66.8881905838819
66.7193489135552
67.344294381739
66.3701226634808
66.4256248103279
66.0864218367904
65.7358664766048
66.8751176835948
65.9524950789298
65.6604884941085
65.7808554148144
65.8545715473114
65.9920333788872
65.8124933267172
63.4558950394033
65.6949184923093
65.4477112353774
65.7026628846356
65.3283097437086
63.0093367885927
65.6343337605145
65.2739115083611
65.7025677531641
65.3870554853401
63.7900447130439
65.2795280888696
65.3228848829114
65.2116041701883
65.3479997096004
64.067753289666
64.9218504667068
65.311446730565
65.0605751751655
65.6326428650471
64.2883572588267
65.341936480426
65.4102727609449
64.8823127376579
65.1125200035894
65.6394440908904
64.9736017525397
64.8047711920061
64.7564155811011
64.8854290795988
65.1685973548603
65.1392230253321
64.9787994146437
65.0783020176817
64.5649876753534
64.8832154944969
64.1251237141131
65.0214416500119
64.8806629320213
65.3583840844341
65.7851156849611
64.9052331644501
64.8366837338239
64.0627405917249
65.0148040763323
66.053501588816
64.0309157495083
64.8267402722588
64.8512943216817
64.3802433184976
64.2161050329508
64.5204270517327
64.9278903068153
64.8449679330085
64.1130233915267
64.5747475574472
64.7620142226727
65.0762922408138
65.2708798008494
65.5645501413261
66.0996370772176
64.4761898527055
65.4167251805751
65.2097812388477
65.9869440868515
65.424884810586
65.6332760025729
65.6386127085032
64.5691654660619
64.7832573200936
65.3725251436095
64.9952477601938
64.8943382057235
64.9397720296338
65.1969651493661
64.6102958251168
65.0326086776237
65.3988405279664
64.483788426533
65.4042661164594
62.6232086426916
65.2087250221189
65.2673533687154
64.0871139608943
65.0009352011599
64.6358222390524
64.3711416928806
65.2498476782105
65.6742014419572
65.2233605714296
62.8233800105331
65.3241500407709
65.4513965962942
65.1719419588804
65.387120038228
64.8954652945485
65.7760750098208
64.5231888561933
64.4307527098979
65.120166459123
66.4957036530674
65.1060875605883
66.5301985704666
65.7236048506238
64.0103704485662
65.0196533298198
64.9972257077559
63.9509827296369
65.9204608689088
65.0130243990348
64.9686132070313
65.2360139585251
64.0682763372009
64.9493321760505
65.0162716300807
66.6985413761797
65.4817862512618
65.5863880756148
66.43207868932
66.0740016613086
64.6898460063878
65.8818595736093
64.8010940770737
65.9804882079433
66.0478985939121
62.9562627381426
65.7388805637712
65.9921619622785
65.4372972107397
63.1071462714156
61.3586322190884
66.8465919661846
62.3754434578945
65.5156593825592
65.9112565496602
64.5833374259976
64.4077417209296
64.3975782689762
63.1746760758844
62.9061695238057
64.2590935347607
64.666712400473
66.315570195726
65.2302630126183
62.9429854076811
62.7769924250674
65.4159486599612
61.5157158376243
65.9077272078124
75.1290476567553
66.0211984855977
64.337735700845
65.2035185249914
62.5199754308496
62.2073851304647
62.0417962480108
64.5039949863161
73.7765637779947
65.2271730860264
73.7287293676793
67.4529929073886
70.3284936507903
64.2817952544393
61.1766240907081
61.500067067823
63.5926311229321
62.5326670767348
54.943002989605
60.4816195119699
56.7144252547752
43.1019430619609
70.1447231770392
76.2207347653367
58.7989821296244
78.3037022412995
80.5502648685284
99.636433609945
74.0052729313226
84.199160442137
76.1714466101943
73.7347493981293
100.943912817234
52.9183791518129
77.0927509800956
75.9782165034999
39.3660651796732
65.9578703859332
47.468442132357
82.1113080390952
49.729745477702
57.0897166399422
63.9716233273801
114.674830758497
86.7998598029728
113.086715787846
50.2674153747185
102.684446828469
74.5013269675747
39.2777279743277
94.5290803989072
77.2999125324917
81.9196753156446
76.5461084528995
38.3582323913505
48.214121707196
46.3130551336344
62.2131038077002
44.9245048387315
66.3612127927795
55.3673344811834
69.1877664237471
72.8652552009199
78.543918555684
76.8970191440588
71.7823099242837
77.7132316010676
81.6918631924212
57.0819914623812
70.6425254299177
90.7751243547871
73.7754921271534
60.177422466408
80.6299130353713
71.6863429905117
61.0821239407235
61.2422958739059
57.1219846164254
67.3788742675892
75.9611096290811
66.283634555347
67.4095419065745
66.8663783089294
66.0582494985954
66.7683216516769
66.429745145724
66.4228724362615
68.1160380668867
66.5752900167798
68.0656680801312
67.300730256657
67.5075515406331
68.1059030090293
63.6554914295884
67.3525898720089
66.5986817226175
64.9710775726838
67.0593803076517
64.760360292246
67.2371236967066
66.7274300417178
65.7385076715536
67.6330623018749
63.2540745716742
66.865082658497
66.2361996305992
66.5536233011536
67.2208163503044
66.5121219551764
65.1947378431984
66.0434126179045
65.1050456735907
67.5446731304291
65.8675965179154
64.9052824620228
66.3419061759368
64.613301910528
65.4786029178501
65.4457905213801
65.4165655782536
65.2821770883431
65.2972077680311
64.5250598570534
64.8327239113783
63.7716399499593
65.8939439632681
65.1836113968008
65.2266783498958
62.8583303609285
63.4336409939775
64.4224605286331
65.9752271696112
65.8685144432029
64.8679297731148
62.7087482735474
66.6106590154603
64.8191467548655
65.3542877972618
67.0638152504846
67.7474409036225
63.1282717139481
63.22361945115
62.2289097254509
65.4266602971663
66.0820966623257
65.6247863502892
63.5963706672071
64.7046076294652
64.4617921361308
62.3401423422896
64.0538812999342
69.6022424978823
68.7348472689806
62.1246759953073
63.2322447004009
66.9135445113522
61.3600869717208
64.1098212578393
68.5675800422881
56.2412946055677
80.7109222309163
79.9366939774693
72.4024791055599
63.6561305931238
67.2949371184239
66.1627450473192
61.4031863463428
65.9928693193369
64.8302481207868
71.7070514587189
39.3742350118517
73.6398600807339
56.0102902387845
57.3310955763209
98.003630853093
48.2229796391641
54.6913289082416
62.3963300703717
61.5452860582851
57.6828530227779
61.4051388641866
69.6546854188143
77.1028348427648
67.2235395218414
70.5354674573984
41.2748570585501
100.779526188048
65.5690782643499
58.7067444216939
86.7949551904253
62.7120684547822
67.3506311776966
51.9114178788167
76.8516634103466
47.5896039735719
42.1486435036214
89.2580754323901
78.9892690528079
45.4705517099157
57.9276688763591
64.8276469960135
85.6981679657399
86.8270414095814
84.5073193074474
76.5930945280548
93.0040512185988
51.6973305184403
100.723607544103
51.578253786501
43.0432810709671
77.6534695989203
48.1437684899007
76.8050900836192
109.019186303633
118.476329879214
50.6689155437261
72.5649011206864
37.1539108188844
80.0084845628582
60.2144356932777
60.959460488385
45.9006838552252
77.9581361631811
58.9281968318746
34.4704637724669
61.7506909265398
67.7819840021661
58.8906109552005
76.528000430155
61.6672349167066
96.608004404142
76.6453882359467
62.7813289202194
63.7274469363196
60.577684079985
83.7095210754682
59.6758343098669
61.0617585174665
62.74475342977
64.1571695310694
65.4404869531066
66.58580803427
66.4019002006742
68.0253912068313
67.8020980351676
67.9733614593662
68.427037299399
67.8601649400651
67.6725840230939
67.5120139182695
67.3511689796288
67.1969768148887
67.0209349576794
67.3874202634155
66.7729881023289
66.5440939264465
66.384939232158
66.2047041254164
66.0771807760257
65.9559731175736
66.3845858849161
65.7855174432547
65.6265378879447
65.5287656416335
65.4667276401629
65.3878832265854
65.3412095904213
65.905156792246
65.3449838676652
65.2623964735648
65.2199047540198
65.1859176771418
65.1492083664771
65.069494071211
65.6383465523965
65.0809932354209
64.9620030080602
64.9477492384322
64.9204442018329
64.9002634138617
64.9407672189012
65.5478548311448
65.0289521594525
65.0049088313127
64.986971624723
64.9858183949742
65.0048180428257
64.9982445529125
65.6068136507801
65.1059642408287
65.0575009911605
65.0469388885813
65.0403820390408
65.0129904180299
64.9847295664771
65.5737261548281
65.056506969039
64.9018820093882
64.8627706230864
64.8348165663822
64.7960742950253
64.8023075730292
65.7296489238581
64.9081073717713
64.7905134771599
64.7212120164644
64.7660139589432
64.7410560757333
64.7270154533889
65.6598740386301
64.8058315768776
64.7461077788383
64.7667737497055
64.7734854395343
64.7665313800013
64.7562619486099
65.6877136324423
64.8705523692216
64.7974264303971
64.7634035340407
64.7324407708381
64.7525008568485
64.7006505598401
65.6707884436554
64.8260440290419
64.7710347403515
64.7840158829001
64.8419717040729
64.8828574646484
64.9987167333397
66.0369480605532
65.2471117131293
65.1916553332308
65.2096694676176
65.2413039919144
65.230362537862
65.1863893913405
66.0758156004529
65.2047920992035
65.0995386783554
65.0353698208292
65.0280546941817
65.0146937393501
65.0232996909347
65.9353072744237
65.0560129945275
64.9535943325487
64.9489040342181
64.9493510426518
64.9367502484175
64.9213075072788
65.841510984133
64.9854931357139
64.9316766625288
64.8865551914127
64.8725366860566
64.8805344772387
64.8330915109078
65.7872895939058
64.9986361674843
64.8826364149572
64.8962288426754
64.9069254025996
64.9168656016957
64.9242711492443
65.3768305926151
65.0894778957368
64.9246027850363
64.9654460615
65.0053692071259
65.0443791590101
65.0619136427793
65.3710280287765
65.155270344227
65.0352518079262
65.0300432150145
64.986697009429
64.9465150192249
64.9179760002808
65.2638894365077
64.9628631434013
64.8625242568355
64.9560574166764
64.9541576483777
65.0362108607431
65.0391590218959
65.4751097341735
65.1065129389852
65.0725915897419
65.1528009888307
65.2095522453243
65.2449644990345
65.2170926818543
65.6212092288575
65.2262201717347
65.1287262336871
65.0947894389355
65.0689925090159
65.0273844182664
64.9818655145074
65.3441225567696
64.967407870655
64.866748444756
64.8005941651265
64.8200622276913
64.8525459404993
64.8738245416031
65.3138622815427
64.9838728613219
65.0148386082875
65.0516641670576
65.0649100381517
65.1149752688707
65.0592688051715
65.5664269061493
65.3130898751149
65.2568824625085
65.3263511806924
65.387533335397
65.3390256053312
65.2881836019885
65.6029708934105
65.3380652918899
65.2232246122837
65.1992001446676
65.1426902801029
65.0688661219315
65.0415296306439
63.9373626523701
64.9854748315951
64.9051941795213
64.8640597808319
64.857730342898
64.7497828500742
64.7423972559796
63.593652089705
64.6716086597608
64.5943047765536
64.5428679162948
64.4890777512846
64.3356381504485
64.2810283330579
63.2246439178258
64.3504684609777
64.2819783468098
64.2017890042661
64.1351527464409
64.103297495364
64.0772617459149
63.0883047058266
64.2417421391145
64.232631237074
64.2636147158289
64.2625817409426
64.2087157254934
64.2680979170303
63.2149509499492
64.2804620712428
64.3642244341149
64.3601625154635
64.4115733222338
64.3951159989944
64.4331544196682
63.2709389478692
64.5539853909881
64.5261624613938
64.6477087220019
64.5151470138045
64.6390781423265
64.6642663175129
64.6765913060366
64.8043915017615
64.6983457324868
64.7085686677192
64.7260172793203
64.7165726948381
64.7168105445121
64.6949783670485
64.7123755291899
64.7171935423232
64.7520976945491
64.6369911073243
64.6613610696436
64.6311505621304
64.5905389527301
64.630495230333
64.6342431809727
64.631106053921
64.6394822001338
64.6392659176004
64.5500858767558
64.6943557026662
64.639521981906
64.5687898585031
64.490670358101
64.358081079052
64.2671117103572
64.0727730013681
63.9073610164927
63.8793219637394
63.7308251349004
63.6274693411636
63.5239975369145
63.4901643687521
63.5101684631312
63.5530549785502
63.6014075040603
63.6259261000837
63.7158146893141
63.7290102735665
63.766452308447
63.8793597968927
63.9020562332861
63.9010715731889
63.9495854325108
63.8696376065462
63.81035956171
63.8414128387905
63.9208744929512
63.9976497778372
64.0757939404537
64.167526825612
64.1881103918112
64.2053382587035
64.2550784626772
64.366599030989
64.3452098690503
64.3046747389465
64.2686442713284
64.1212845268734
64.1663792269615
64.162201325632
64.295295553709
64.2825236522204
64.3105298341327
64.3196754549224
64.3416117424311
64.3381528897353
64.362309102216
64.1583521662277
64.2966236467586
64.2880428707685
64.2571297680791
64.306230141469
64.2227885802245
64.3753266749685
64.4607234525697
64.5990309335445
64.6142410644626
64.6249645149519
64.6416131923284
64.6490911430576
64.7266964041207
64.7205250650314
64.5689834208959
64.7843146736454
64.7399143246448
64.6953618164685
64.746645934097
64.7224498021067
64.7610620319379
64.6585693683958
64.7695413980395
64.7414356546088
64.7623566267477
64.7583664692365
64.9291783663105
64.7335419197006
64.7680792490758
64.7359833195304
64.7997711133924
64.6619697116194
64.7242282265355
64.7337048953807
64.7375876052128
64.6203413907387
64.7338350745804
64.7387643335085
64.7535120927993
64.6738050148287
64.7012400374442
64.7122096212784
64.6414781979813
64.633610805516
64.6671287517018
64.7161088949328
64.7680771257963
64.4950510877358
64.55419723235
64.3970160857519
64.4810376150317
64.2940903979721
64.4569699668666
64.4815793731537
64.4908392008861
64.4341984358998
64.436479758595
64.5115186352005
64.4632743230999
64.4931101239577
64.5088185888394
64.5665263123114
64.5595692643286
64.6306595462941
64.6876518414557
64.7804672550137
64.7883890549019
64.9768396700159
64.8565591051456
64.8928319001933
64.7524796199219
64.9134641387546
64.7567287864564
64.8458916017083
64.8313917945274
64.8953899532204
64.8327207253364
64.7309834722338
64.680177389918
64.6710128390273
64.6123485749899
64.6554350190036
64.6454960467438
64.4718777075946
64.600291193915
64.4769913418472
64.5359216850785
64.3869270041465
64.3552646844788
63.6636411565769
64.5517868794491
64.4865651329796
64.3755893198668
64.3341822283968
64.4696177472293
64.4668660259874
64.1718134133875
64.5161357190601
64.5049950340621
64.4567023021028
64.4497890156506
64.3813129958348
64.2897991403741
64.4337362980799
64.4589392297846
64.3740216219456
64.3930152791902
64.5723777390227
64.5171304015743
64.6203699166018
64.7568809836419
64.792622208124
64.7727894058776
64.9307723414565
65.0301285070235
64.9466723523739
64.9789514008424
64.8679297865248
64.891134625214
64.8756798341231
64.8153397339479
65.008911344757
64.8900391308775
65.0381780133285
64.9391717968836
64.8094114845669
65.0849580480569
65.0372574436527
65.1312328683594
65.30934952503
65.1432989551226
65.1679482461331
65.1499614636218
65.18507194148
65.0449232864826
65.0480973902836
65.2653837654236
65.1473352950616
65.3617015877965
65.1882696492563
65.0244621993525
65.1990460962131
65.1844962992449
65.0865007328831
64.8685860118508
65.0528533037552
64.9763735074115
65.1189259236968
65.1939387080167
65.0984417965119
65.4985235954569
65.1701143860816
64.9123253818337
65.3417655519179
65.0379708566527
65.1403029268295
65.0759868940763
65.1676719707049
64.9230335655999
64.8971665226385
64.697518110901
64.9364883855703
64.4693021148564
64.8723599839649
64.4535778651167
64.7203251496776
64.6272714567532
64.088081065828
64.754380832179
64.4803046138095
64.0107455077366
64.5000368919181
64.6556260135664
64.5820946692479
64.6183339173931
64.6765325510517
63.9587251467752
64.7422736583182
64.5262902146911
64.7788494408948
64.4970041968598
64.3904150879923
64.3296652392799
64.2191085947586
64.9087688758063
64.5092329341123
64.5707741182755
64.7607701104484
64.62896670315
64.3039888499593
63.96051567359
64.5714942931612
64.5836882547728
64.4840838424174
64.0662874771108
66.5495469231748
63.8630277154358
63.8946091038851
64.3943541357599
64.2039131570618
61.914447607274
64.2772836289771
64.3109470168535
64.4270403393939
64.1563999318291
64.2959567101937
64.2688529356565
64.9196383940573
64.2976148681696
64.6522385748406
64.2251868953672
64.1828936566228
64.6765563343844
64.5255771228616
64.4949879141793
64.1673677778883
64.2926959754266
63.5986344405074
64.0495597340353
64.9156273493041
63.584265514667
64.1384231107496
63.6815398694213
63.6457783133007
62.2545463650977
63.4045451129204
63.0676261485843
63.5139306614795
62.1374872322444
63.1009764539735
62.4539503147243
62.8073988274553
62.7023647039556
62.3506719137343
63.4964440762167
63.2103064991018
63.4404608342123
62.913363358446
64.0722999005513
63.1572431002075
63.2515876652923
63.3664276227327
62.7415859190276
63.2190105112386
61.6460388419375
63.2807081710844
63.0502473573253
64.1478652580049
62.7552646455699
61.5663392488074
63.032099848398
63.0064992973426
63.3498929060459
64.4227986131655
63.8706836229328
63.9426661455255
62.0873470395987
65.0256645711325
64.5691442040394
64.0730063036428
64.1969457545306
64.7116377717053
65.6465939939211
64.3112740981564
65.0838184717749
62.5492222216479
64.1563739546488
64.2284953615806
62.6756685714467
63.9279151358467
66.3866203704447
63.9419667336372
69.6077178140574
65.6592612661106
63.7136838760572
65.8212388421179
64.9810848566596
66.0997602156455
65.2376850679849
63.7468195387895
65.0490617169163
66.3422027149242
64.7503604232136
65.5418589405737
65.9654193123908
63.9980628565903
63.7197725571664
63.8906724834091
64.5372871634905
67.5178316461058
62.3449378171727
68.7887717595965
64.8588519702616
64.0577814960114
65.1394208677353
63.6006665621462
68.6659495730424
64.122727974537
64.6849591087889
65.310707415402
61.2601649713656
49.9656388976047
66.4324682212785
72.4183624218674
60.1421267270836
65.1073522503659
60.5476744210448
63.1553940218779
61.3692806087999
71.9962233693681
54.863703893601
56.5602166460498
72.0462647440875
57.5618122851755
53.6049868733729
57.1084073500832
50.7769665914811
77.3378151052762
81.9449618260671
63.6587082462968
59.8751986669995
48.8965433253352
46.6478963170436
79.0816619912238
59.3523635599635
63.7266763722936
88.2326238629942
79.4624687165186
44.3554645623023
77.7386508974594
57.196448024553
40.6717696621494
41.61811799162
73.6353959344873
52.6525593644204
71.6980868616017
70.802157966475
61.3705901069704
34.6242432276442
43.635151956979
35.539495731443
39.9334343668485
45.3347193111401
47.3484438678819
47.2422095659004
85.6866927644951
59.6473026184287
50.5362639004951
76.6617738099318
59.7990432512228
62.8376470170678
79.5399760024987
53.1000978718804
58.8897827418713
65.2806303419308
61.4222076655733
63.8966343141235
70.5772043857274
67.4913731674979
67.5521185189405
67.8172072378879
68.1967398082643
67.5874744824866
67.6573727736174
66.0930196652998
67.4856671458959
67.9732380888201
67.9092266682325
68.286325871394
67.8307554820147
67.0750481721384
65.9131920046532
67.0736251280634
67.061512944781
65.7642875821279
67.3270158364226
66.4347459945572
66.2203646837149
67.3235216907604
66.329704166842
65.73672237359
64.6296937458373
66.3308939849241
65.8678456552504
66.4581408521644
66.4565206929525
66.1282443061323
65.8491358352592
65.8213925322048
65.5466278999725
65.9036261195197
65.2208582912289
65.7741016972521
65.9024860412176
66.6420920929466
64.9668571376796
65.298956574654
65.5303850388009
65.7210182979326
65.4339905910959
64.8975690663246
63.765177333952
64.9128373034176
63.919610897247
65.9996840435041
65.2891017289645
64.5775456266838
65.4136377288445
63.3209854661106
64.074650385811
65.2536953107114
64.6848888845283
63.2223555112705
65.0020465803032
65.0404820508163
64.4857637904758
65.7682907050409
63.5848841587264
65.9223201028981
64.6201717835418
62.2237318404038
64.7609588455106
65.6107354546252
67.5306799249086
68.203243693888
65.3949308554817
65.0347438076029
64.8044217167512
68.4787419383783
65.3793334836892
65.7110965992518
66.4865235020699
62.0001814806619
64.2596386420826
64.4014314243216
60.7848958165592
63.6021297091439
66.2227958217254
61.5269388989883
68.6284860280143
64.506770762309
64.6581881071259
65.7901995190138
67.1435874595419
63.9832081682724
57.2776198274423
61.8182663812751
76.325582886777
67.5315921652358
49.9180376859591
78.7197676303878
58.4915625550059
57.3269895701024
70.2178097373927
59.2908081970668
61.9576193414583
66.1062861015024
61.6334849550755
72.631714474459
60.2501008149652
99.349861301001
66.6360019943009
58.90714389404
67.2609042701171
78.4157560087779
86.7826888695743
78.9376569529341
50.5370124928538
76.0405251464081
80.7358227796278
74.7252101666023
72.2609353772172
65.2572093446255
41.4053691445356
83.6737327122239
85.122850758637
82.9906943001927
45.9394881128573
54.271703844622
61.101470640676
69.7200396849884
66.3178395848818
74.2364673589188
67.3449782121052
80.6440578058697
45.0542129735982
100.572889734104
50.97384743463
30.1779547109104
78.8209170659961
47.1861896298327
75.2587536664934
53.3667104297396
56.3858245237722
58.7288792992332
60.5460227433899
62.2370575752092
63.7095529870781
64.9620488846202
66.0691504757914
67.034425898887
68.1328847039449
68.0803461763948
68.0660330307622
68.0862530107867
68.0003194767098
67.918285737392
67.8469960783714
67.7248453239452
67.4402023168431
67.49466864667
67.2894571718407
67.115927875237
66.9038726807219
66.7560277065992
64.6204183457308
66.4705332118986
66.3885212923757
66.2257882094398
66.0777706959903
65.957162072555
65.8594775757697
64.8236503019713
65.869621238896
65.8197522318996
65.7535878681759
65.6575467489514
65.5541591631375
65.4846107726164
66.2521061643222
65.4157368909929
65.2810798068247
65.1509320670162
65.0968690890927
65.0289881970302
64.9930453707733
65.6966154341919
65.1881442017697
65.1703520958897
65.1696234820439
65.1141204938985
65.0739806308479
65.0790513358249
64.8553108761349
65.2427823070321
65.191777429447
65.1650928353616
65.1173111693133
65.0757961977467
65.0338812198714
64.8419619562405
65.0935123227235
65.0126377198077
64.8315051716692
64.7159701709091
64.6263823567833
64.5959361280553
64.5657651434619
64.6944421059661
64.6564334178945
64.5781641123237
64.4769409590636
64.4819038062936
63.4556825049901
64.5729425953665
64.5358566666167
64.4940197432446
64.5030912315968
64.4954156624633
64.4741734583627
64.9021470107057
64.670953685644
64.6781847843629
64.651947496099
64.5974468774402
64.5100040316844
64.4503222563454
65.0605317483398
64.6235708021945
64.6297421581437
64.5859671913404
64.5650220964109
64.6149986688191
64.719655104473
65.0068662012579
65.36666080455
65.5436671803355
65.5753664419591
65.5536149482278
65.5719821026215
65.5787051659397
65.3238080053957
65.6829434387822
65.5631734335868
65.3901037858096
65.2181733670979
65.1161707155311
65.1110894533776
64.9927044606504
65.3312848884653
65.2695790355364
65.1327342323534
64.9942917214876
64.9668248874416
62.8685590234913
65.07163300961
65.1287539952183
65.1167665953212
65.0315351960067
65.0351758591972
64.92480715855
63.7706356398226
64.9673109638862
65.0693977894672
65.154466800851
65.1190685421448
65.1014869915515
65.0995179467604
66.0783788426292
65.4947554401386
65.5139523170657
65.545038816474
65.4598995841662
65.4899521127901
65.4128461447466
66.0635091813554
65.8668927684236
65.7654947622041
65.5900289030007
65.4675007990981
65.4624001119403
65.3562098183114
65.1045879048531
65.4063922100677
65.3040949477982
65.0493464459532
64.9936372128316
64.9827861648883
65.1709659888304
65.034915176007
65.6648193731796
65.6965865429562
65.6409536275156
65.5603286730853
65.6585843114354
65.8489973985817
66.095056569049
66.5073423025498
66.3805758089809
66.2411883468148
66.1128595170133
66.0542744975848
64.9946028570928
66.0678666955356
66.0059926985696
65.7455887641334
65.3689623288686
65.0602177497913
64.8494502514407
65.1876767799192
65.0760057925377
65.2003702957255
65.1447517492164
65.0992065087607
65.1589613448286
65.3767493798011
66.1160624741053
65.6889210994106
65.714566067433
65.5741695071466
65.5874631200053
65.6535215916939
65.6729176621176
65.8673291992066
66.1524385879902
66.0321189889451
65.8540930308101
65.58783450493
65.5000131590245
65.3649107623169
65.0488530295052
65.3225335180153
65.1365075136659
65.0025906821555
64.7754235092443
64.5831664073497
64.4011267358154
64.0552098799865
64.3003467004877
64.1190106285666
64.0594664833549
63.8711361779072
63.7701540188287
61.5895149414494
63.6233564935443
63.5763946039228
63.4433441936021
63.3858698529986
63.3622403728266
63.3489716967174
62.2219281473008
63.3735604516231
63.3097814218509
63.3308107864481
63.3058675618784
63.3271961609251
63.3415826446879
64.3072362853633
63.4470761628666
63.3414333556855
63.2613496510414
63.318549499375
63.2420003207016
63.1561608225792
63.882022054234
63.384227283827
63.3587329029888
63.3297952122985
63.3739926030696
63.1975410294592
63.3730438386201
63.3647471457647
63.5121539405325
63.3829522408742
63.5346655750194
63.6328341974063
63.7054391354291
63.8711542650945
63.7898147632218
63.8020796963459
63.7948766932201
63.7883029409054
63.793239386044
63.7865556324616
63.8107167278004
63.8082610120351
63.8330784070409
63.7143673701262
63.7725637347757
63.7731552358161
63.7463967314816
63.7980725286909
63.8103127707365
63.8183349951737
63.8387443988032
63.8535029277088
63.7546401178413
63.8949587194528
63.8220963910385
63.7365772616987
63.6731151838868
63.5567177020236
63.4761506321957
63.3026330244691
63.1779255765306
63.176818410749
63.0356084907405
62.960730898247
62.8950764476422
62.8738276386816
62.8748012942252
62.8960377961626
62.9230197732469
62.9544438511233
63.0448004824376
63.0367448857187
63.0713158764409
63.1662144362376
63.1521953031258
63.1254355798643
63.1544285880584
63.0642006607718
62.9841621360787
62.9287679488448
62.8923304714564
62.8747821427541
62.9059159099305
62.9654145682325
62.950268823033
62.911238483891
62.9120146425779
63.0013575734398
62.9407564757653
62.8688091326581
62.7798145571918
62.5700415398308
62.566599218029
62.5469470977826
62.6665595634903
62.6263615809124
62.642529488343
62.6477597661651
62.6751151211822
62.6968642337031
62.7373514663073
62.5280096166437
62.6394077806783
62.5787159619936
62.5162436925162
62.5475754864958
62.487860561807
62.7373439900637
62.985409003245
63.2849934500293
63.372336522115
63.4090896478361
63.473576561373
63.5550409102529
63.6695558144325
63.6795420706502
63.5582318297198
63.865164991065
63.8399959105968
63.7684373226577
63.7955818426935
63.7125193331652
63.7557470371725
63.6716390556775
63.7705455336804
63.7498549753113
63.8014340526255
63.8112785309371
63.9936072339101
63.8149227729497
63.9031128202194
63.910491491013
63.9785663951908
63.8564061196032
63.9392067185663
63.9226586163196
63.9046730579761
63.7713813763275
63.8651702890265
63.8883089586779
63.9185453297457
63.8408936060249
63.8383851774209
63.8175144743164
63.7281006536254
63.731256658024
63.7832792772432
63.8194901018631
63.8344050149087
63.5554060775666
63.6306878171929
63.4866561891206
63.6307275932629
63.4962494949635
63.7035397643877
63.7495967543201
63.7761251022309
63.7160396916902
63.7425427500758
63.8475291835071
63.807334181454
63.8697881878047
63.9235127585415
64.0198767566329
64.0503242904374
64.1576960084129
64.2421318207701
64.3606684550248
64.4003566630098
64.616902850354
64.5137477852843
64.5653986594874
64.4367248373862
64.5976136971284
64.4483615818909
64.5447151235932
64.5298361300331
64.5993688425144
64.5556516900276
64.4670454293693
64.4134023124826
64.4030558899288
64.3343150306899
64.3631500990443
64.3376487697885
64.151025379368
64.2627044373742
64.1174442849125
64.1600904927099
63.9845507996449
63.9346832603586
63.1789898840069
64.1193163820459
64.05515675186
63.9365086594094
63.8813305427464
64.0008092677596
63.9790598729388
63.6548009099276
63.9682101662695
63.9077709096274
63.8316473154472
63.8159494120551
63.7419168191569
63.6355100143251
63.7866470336973
63.8194040025806
63.73627366071
63.7592620638673
63.9506044376702
63.8904919033775
64.0233913201364
64.1955658811948
64.2790912677202
64.2843594916283
64.4711693936445
64.5810428503511
64.506344702499
64.5467091333946
64.4010936368157
64.4303349633109
64.4062650029084
64.34669508381
64.5450800373956
64.428914658331
64.6017002096346
64.5298312534254
64.4132597684603
64.7155119908488
64.6820181196186
64.8050593693722
65.0082858146993
64.857818802853
64.8760286128002
64.8511581011687
64.8950625233428
64.7622339854171
64.7551769987366
64.9741687628818
64.8772861812223
65.1103142943233
64.9318899995379
64.7535454600204
64.922422093927
64.9046176940531
64.788855861822
64.5529838051945
64.7408469733636
64.6969252367236
64.8135789874135
64.8783371653405
64.7839258590164
65.2047869998897
64.6409085220484
64.682016741424
65.0296693648887
64.7452892003977
64.7921124145414
64.7203410802251
64.7775990287759
64.3744733627166
64.5258341062177
64.2905119592493
64.5318464548612
64.4364466916144
64.4830502258628
62.0221640887537
64.36378188743
64.3058352703689
63.8815438690003
64.3851771405267
64.47528428022
63.5888667585493
63.1295073376687
64.4575276502287
64.2489778764699
64.2590640700798
64.3434816502727
63.9973943441562
64.3708886133896
64.9842019905865
64.5395885414313
64.1424245433659
63.9926348227979
63.947587925315
64.141309789034
64.4835909369992
64.6649297382077
64.2824982428021
64.3820110064432
64.2485032858564
63.9753794068388
63.9156177609131
64.1687724239014
64.0088492890635
64.1835288209211
63.7380994986669
66.2064556846192
63.5238903429324
63.9668855445209
64.0833580140277
63.5956943370716
61.4779747332277
64.0043558538923
64.072412117955
64.1604435963417
64.0866814724112
63.9904865300166
63.9746163315328
64.6996786602338
64.0684802520656
64.318672547516
63.966199112717
64.1734291374591
62.3178095249634
64.2899107413046
64.275543373834
63.958596427281
64.03671440413
63.3744954747323
63.9764700472277
65.0756148170076
63.4619796955598
63.9600097072235
63.4911912189703
63.4034712708827
62.285183549708
63.4927894764154
63.8716514621682
63.5440274676142
62.2716873051784
62.9936151719025
62.3377146106399
62.7505577565405
62.8837892691468
62.4473262244226
63.4566459319157
63.1453349856353
63.3356999248958
62.7933689813752
63.2372224755303
63.2443788322675
62.8859889882933
63.3673354315059
62.718373695891
63.0991462946341
61.800464867945
63.2085279174682
62.8769621308149
63.6962092730179
62.7594537815657
61.6165948703523
62.9409032086704
62.7552488682361
63.2734949041613
64.5419282420018
63.5234134471939
63.8258160398681
61.9106455766539
64.890353830178
64.3550009440571
64.0248697272775
63.3972735214805
64.5160426621946
65.2911706456978
64.1276978154807
64.6829105396326
62.4864891713732
64.0047674018466
65.0854361895268
62.7966898142907
63.3714256815573
64.0173315093711
63.9169920793738
68.4192439662044
65.7231929906952
64.4344694483606
64.5480043074091
65.0131220563363
64.9885095174228
65.1252737367068
63.7018355361857
65.0602283607529
66.0200339989133
63.3291949702089
65.4006830424489
65.8709322276765
63.5144719853858
63.7909567073778
64.2477801847679
63.9835703796471
66.9378123462129
63.3367056415954
64.9978757613161
64.8547877857403
65.0219521072579
64.9355071341626
63.6705677333131
66.4230658470471
65.0180263209494
64.9276063188803
65.2770126966671
62.6328061293252
53.7328531205467
65.0769393359621
69.4825803434921
65.5838562349175
64.7040962394107
63.4776150639442
65.3926203010616
63.1804418053008
65.5259163263673
56.9015561307822
55.6391234566171
65.0542864703772
63.215786498578
62.1052615533964
64.1409397475982
65.79412998806
63.3171610549115
74.3388202892976
65.1742197195879
62.9939991129903
54.3240912422251
52.7103153842301
79.0126457787892
62.0484787940512
64.1266318942802
88.3248549615901
76.2318423618681
49.1915800735453
62.5531360504171
58.2140412015568
41.136065148653
42.2562974578977
67.0550286751581
50.7992183867876
72.8373464714499
73.1466203033637
67.0771002663137
47.2402038187683
46.9757002678334
36.9056411315335
43.7675855042725
44.2094284717689
50.2967961688463
52.4320264735775
88.4796962094918
58.3342241399894
54.0353362324244
78.3532266402337
87.9053563007112
74.8766274151241
45.4176899400426
62.0914002544703
59.6741508110799
84.7597447102892
70.5144093239289
47.0589937648977
66.2937188201149
28.4497556234327
49.3857768218103
78.7693547503433
56.9357033174796
49.479605806556
89.6143527710305
54.5675918516788
74.9252278795395
88.7207275826556
56.7939046863983
72.8623260012175
100.79112800338
60.9764387839621
53.5178885235986
64.2448896777969
70.5919369478693
63.9976442623203
66.9976658834589
66.2713918637575
65.5471276882396
71.3591042189795
69.8682866484619
69.1609117772909
69.5850657360298
69.1699297207424
68.4682346905381
67.3270533614895
67.7940515512239
68.5635786551526
68.3120016234463
67.616136184556
67.2554282574759
67.8437504546227
67.2684904456738
67.1293516486659
66.6241805193658
65.6985107465215
66.4357025427194
66.978465237479
66.2258579686137
65.2739155491766
66.8365109436051
66.0117213894932
65.2064868999511
65.9162796710878
65.8879835616308
66.5501471558123
65.910414324326
65.7065216717255
63.8694998036122
65.3197074403634
66.064945628439
65.3752117769715
65.146334947808
65.180182048543
65.5957101757829
66.8213010071228
65.6739693506885
64.7405481358602
65.6624991198877
65.4817082231674
65.7540098995561
65.4131678131254
65.0097322230191
64.5805535276726
65.1735588423674
64.3271985728141
65.948546704203
65.4284075164038
64.999744922327
65.2658018285996
64.0529827058819
64.5646014739468
65.289099439591
64.7031901179609
64.2097600273963
64.7584701398923
65.2672603763096
64.6396213910405
65.3720070087949
65.5111836943653
65.9166375778708
64.4078694660613
63.356222134422
61.5183138096058
65.0954830235254
66.4679597990107
66.4413783843532
65.1318320882837
65.0269260425338
64.715074917921
62.4401238288195
64.9192071898007
65.1610127212601
62.2893102009402
65.3160024913152
64.3352883897209
64.9643160039419
62.7345315177524
64.3319214068956
65.4189008776379
65.1537644743418
63.3697902418814
64.763914028684
65.0155596385096
65.9911391668391
66.1315997479804
65.679542945709
64.0424007777388
61.4396421011495
64.1299326392878
62.4469677555101
61.8668779610045
69.1447965597307
65.6237450770625
64.846517378819
63.8213519606286
61.6023566951756
67.5822967563379
65.2693183671312
63.3378065389264
69.5003434312115
63.4528932725305
72.9488491413042
64.3257244026462
73.6578661570741
59.590977201029
62.1490152980208
74.6266696878026
64.3334620901843
63.922148751925
71.7857927881053
62.9111148674972
67.6179776407772
62.4319173798543
59.9822048273601
60.7378808635172
64.5459647524276
88.5923045708262
80.7185069516948
55.7033989369222
63.074084273547
70.9060186712322
80.5875558458271
78.441859557288
76.0456822098069
70.888584243065
82.4280586020869
60.000443593912
105.949155285422
52.087787971285
56.6676998899428
78.3963338843141
60.4011986852578
71.4091450102559
106.319421912083
95.899957010988
45.3554911903437
77.5205893425318
65.6051765642208
79.1481583950257
57.5860809203222
52.8328840562204
34.8231359343013
55.5673695296852
55.8341659204332
44.1289226176337
57.1703217155549
70.3820823819752
63.7247299884279
69.7842855699756
64.6423980439367
91.3887180281906
83.9011868622844
66.5705857278052
99.9625253316803
56.3917170313348
60.1329595539289
61.855794130292
63.542740093476
64.8468137455864
66.102835242531
67.1705938836757
67.7340086794949
68.152726799948
67.9638894293061
69.1081923790735
68.0162444437034
67.8930408407889
68.458283681734
67.6391314177496
67.4635534222241
68.3301915969462
67.2026226875437
66.9433132692344
67.7841919903599
66.6745402782794
66.3070585064352
67.3045229376538
66.2717748913467
65.8712412724614
66.8545150054103
65.7857001780356
65.6971568926202
66.7820355050758
65.5873770448497
65.470441930682
65.9037648307076
65.4781158500861
65.3833272801327
65.7340692169743
65.3802160437964
65.2909584302529
65.5458419717095
65.2366134406478
65.2050514332475
65.3893098581648
65.1644078604707
64.9961955617717
65.3335169854893
65.1630278004412
65.0207012910708
63.4940761880487
65.1553270137815
65.0323492711783
63.8468585974992
65.306085774324
65.194662543806
63.8650871517255
65.145589994456
65.1250214715856
63.8858189187396
65.1985205558505
65.1135801925492
63.818374724637
65.1194861063893
65.153632698057
63.1272491091244
64.7166755409869
64.7231434800236
62.295935844492
64.8440748479979
64.8291701446653
62.3572493175969
64.8479447920041
64.5583859852883
62.3037561799841
64.7847202975306
64.7997223362836
62.2612348046013
64.472960585686
64.5375325381
64.7327200286088
64.7417236212045
64.8358587838905
64.7838198538092
64.6260534001751
64.8652762387245
64.9513083299655
64.6964399995834
64.6552097654377
64.8719991501787
64.4952611541565
64.8556872114389
64.6952853328081
64.684114761174
65.0346298179145
65.0701609666798
64.5835142114375
65.1196953414912
65.2365667011551
65.1168558275949
65.214369017873
65.1452352499704
65.1749148531176
65.4837846778107
65.2888427429095
65.2063632553293
65.2189242219808
65.2232103919075
65.0251704135228
65.013451904111
64.971135904849
65.0919936306133
65.0132962202674
64.7800617489142
64.715720217977
64.7848873945235
64.8841146116118
64.8475288226306
64.8639876195092
64.7712363582946
64.3551341741195
64.9006662311815
64.550998224741
64.749853343
65.1323739450687
64.6806811920402
64.5933497968398
64.735023085834
65.0155677202593
64.6624398881054
64.9634795146305
64.8332573477849
64.8096610633859
64.9291442368072
64.7381848678669
64.5066741103118
64.0875026577494
65.002844780302
64.96772264771
65.1842040063238
63.8662874037249
64.8676667564701
65.5253973727613
65.0657529357279
64.9965574388376
64.9085989131185
64.8747942495563
64.0897533431575
64.8638563442909
64.255741588251
65.2934002454747
64.7305630073518
65.3625782956994
65.1518991707306
64.9936550681582
64.4292118024139
64.9981050183362
65.6603764260139
65.3065386010793
65.3976197126875
65.2680118300619
65.143843380042
64.6082465508691
64.7762931564327
64.528495418535
65.0418608081158
65.0107740158607
65.0406038075052
64.6846265148331
64.5208326644412
64.3233829005451
63.7313735428562
64.3986052380934
64.8520789375224
65.4650712651257
65.2450453957077
64.264271887749
64.9544893402309
64.8515430239672
64.3996742142905
65.0307821047429
62.9139320457094
64.7465582656024
65.7097531336379
64.5064596262026
65.3315275464833
66.0236560465954
64.8386995207499
65.0137644849781
62.8849397851733
65.2299398828827
65.4134166521745
65.3094117756851
65.2232903095809
64.4987610882848
65.5921405764895
64.7497822210434
64.3207256728154
65.1010725447857
64.7590234036871
66.0536891438667
64.1991246912465
66.9588342379028
64.1741886903246
63.5357642028388
64.1148085844616
63.8080665540593
63.2874870230496
62.9377236703229
62.3625058552864
62.2877770707498
64.349104414381
64.0625802929038
61.3949776602492
66.0211112944762
63.6176056872937
64.3652329570843
63.7091822664743
63.7999149637816
61.6612900208921
65.2575818637055
63.9576362031589
63.7931474505451
63.5611758184726
65.2320893096834
67.1303797612012
63.6562384519641
62.2021635350756
64.9375779197
62.6614711130844
65.588947574704
75.4698588721112
63.2081003509527
72.2679516696566
63.6562993877243
76.685867361402
61.9048622439585
63.2362672431721
63.0352176495949
72.3674115550513
63.6346644461946
62.8486968088038
56.7313260529031
56.1502278660814
62.1207244478962
62.1539587253459
59.2509945567269
61.7598676259501
49.0726619467815
68.8751110005728
69.8667756220723
73.6609175723423
74.8964609901933
75.0106244088872
76.6862079019904
64.9655728218422
69.9041951125385
63.5915480520356
79.992905639532
71.0601101535052
35.0744864720087
50.2513843983115
58.4850272278219
89.9988469652135
74.2438732686533
85.1778581563898
54.7919056442396
41.1390699739712
53.0619767068158
68.6076116906737
74.4447980088469
53.7562637599011
89.3867423670953
75.8571702093392
55.1779907428526
45.2766008757174
44.8254320725137
56.3522210994594
76.0905651241511
85.8009845170868
58.4463055987126
65.9691432356226
28.9210616631389
29.8348853410696
80.5072704505538
53.2860841748892
102.624175671655
45.5256346948042
54.9574834196218
