109.55689754162
69.8039159436359
60.1857144659333
75.3732032791603
63.4612063246099
61.5318202093729
67.9813285446905
67.6514634111885
68.4679429293246
69.3492005565629
70.1183039481769
70.8861645855773
71.5410082033817
72.1152299867439
72.6312060865171
73.1160424962347
73.5674482244205
73.8332703594897
74.0200104711432
74.1878783843214
74.238015084266
74.327112632875
74.3473646707074
74.4025514937929
74.4968888315794
74.5427614038972
74.5901164293375
74.7032794147129
74.77710543004
74.9480301734256
75.2982310865018
75.5937609072549
75.7656016196552
75.9165988552089
76.1143440035478
76.2279345353885
76.298014279191
76.3406754865902
76.1996219160618
75.8789613332727
75.6582645999876
75.5499208883079
75.5298988889589
75.5460407663876
75.5590851803546
75.7185418728869
75.8961575287899
76.1682909538995
76.4314494577957
76.6439708967531
76.7477535486224
76.8446284844345
76.8860719959664
76.982900637548
76.9716302877924
77.0525234745085
77.0314197195737
76.877905535554
76.7119232369696
76.5300195909597
76.36855370973
76.1789913914388
75.9700835118709
75.5798856833735
75.397487335563
75.496185930827
75.5343046220201
75.6103921428746
75.5266247005326
75.3893890447758
75.2937913271774
75.2055935812313
75.0359499029667
74.9498644733392
74.9979198474819
75.1526440065282
75.3529884872436
75.4896705549066
75.5548775082005
75.6315086163084
75.7740186091293
75.9515978200111
76.0484296730629
76.064490513418
76.058081662393
76.0681327316195
75.9953248887625
75.1934346517241
75.6805561979417
75.0744674723969
75.2286108985906
75.0141925607304
75.8564139450519
74.5961350349902
75.5134954414181
75.6953032528595
75.3260363783794
76.8818039823637
73.2877014214121
75.7748529326052
74.5891256052913
75.2869678141475
75.2055262917239
75.1327919586651
75.9807411347448
75.2767647885827
75.6778608898861
75.9288665833717
76.1574242900242
76.0681324217397
75.6896347062886
76.3991285455065
75.4663994666655
76.6184241043865
76.2570632747383
77.067447503199
77.1742757242186
77.9379955974125
77.4249924004009
77.419572583211
77.1626511661402
77.5168793670119
77.1789788638271
77.5670249611192
78.1446632965604
78.6953525862562
78.8490858546534
79.1678827596932
79.5569194530226
79.9147425921281
80.2090928955522
79.8673519528955
80.6444549896669
80.811044815397
81.0473096472295
81.3116696282773
81.6833415669839
78.2026332954661
80.7196555394417
81.4443086664684
78.7558911426748
78.8252381700693
79.8267926595301
79.488652462223
78.241256095342
78.7261673733268
75.5437644356664
79.6756864300196
78.6435154651014
78.9568581386974
79.0052486302634
78.2356828569303
78.3320350155687
78.4169208312958
79.4715570523743
79.4018381558404
78.7399052603359
77.849967951464
77.8474387999517
77.3535729994123
76.7275765721873
79.3773519716416
78.9403041707526
78.142393303138
78.5622114933648
77.6771735253103
77.3231816831513
73.504730207904
72.2253240653868
76.8242536302282
77.1878210003362
77.640548793012
77.7671985273955
78.1690407022521
77.7283950235475
78.1634376319374
77.7918256819642
76.7960368284595
75.4685224188019
77.4120533943593
77.3572964185496
79.6206215461079
80.8144994430759
76.6179407055362
76.5350382713325
77.8158023860351
75.3647846841653
78.0697808724223
74.9507101968269
76.8234456400684
76.818743134498
77.3314846202355
75.1119077177198
70.779552372545
74.3067351766927
71.1516677150549
75.2632077189552
75.4814978203668
70.732472751851
75.2319801606043
73.932512506169
72.6207925740281
71.5002069173262
76.5462868749892
70.023864588677
75.8549682589613
71.9340332810835
69.2273276765966
68.3455453924167
69.1069510348479
66.8391124850966
70.4599241910164
69.3194804081169
69.544487769959
62.0197076399665
65.27602090817
76.0982417182731
74.0299927588282
84.7933276908961
78.3434129020213
113.463973395289
91.2895055950663
87.411804550378
68.9445336929026
91.2913255976783
91.2895055948209
91.2895055948209
91.2895055948209
125.846903591538
85.8658052792906
89.9447575245213
91.2895055963446
91.2895055948209
91.2895056854017
91.2895055948209
91.2895055948209
91.2895055948209
91.2895055948209
91.2895055948209
91.2895055948209
91.2895055948209
91.2895055948209
91.2895055948209
91.2895055948209
91.2895055948209
91.2895055948209
91.2895055948209
91.2895055948209
91.2895055948209
91.2895055948209
91.2895055948209
91.2895055948209
91.2895055948209
91.2895055948209
91.2895055948209
91.2895055948209
91.2895055948209
91.2895055948209
91.2895058358367
91.2895055948209
91.2895055948209
219.664619721702
133.708190353858
137.35565522272
182.947549148734
182.579011189642
182.579011189642
182.579011189642
178.081625042494
174.297626306596
182.579216973871
176.836526716576
91.2895055948209
91.2895055948209
179.006128735395
167.078424722154
185.254679283509
95.6811811511475
163.486030535541
175.983628806066
91.2895055948209
98.329890668122
123.975844020115
93.7557118601572
117.474815983654
154.423610886963
129.14687567335
136.186711591356
121.891387240121
119.182454355156
112.316678342367
104.809636267188
91.9529296722241
83.4772233359733
83.9584456465983
77.772303290638
74.7526588183863
72.7602919304657
69.6852116672871
69.8737890026996
64.3194871363122
66.0960157679225
64.1101530437038
63.9656292149751
61.7181800090503
69.3393466398799
59.1940877000794
62.3197316916359
60.0868671673036
62.97644056918
56.0911889435635
60.7842915596253
64.7742591890559
64.6639713493866
65.7893674474249
66.1108687834383
65.9509208500494
69.3476841583368
69.1199297374534
74.5956184650184
71.0353102552727
69.0204741990726
68.7172197231348
69.7212045624172
69.0487270131389
70.8741630356934
66.6612252225744
69.3564336527687
68.5993041978346
66.1377986227808
70.5563707755158
70.6781104519673
70.9693355753082
72.8439167715528
68.9413367464152
71.1910087562079
73.6025012438262
70.5189173934121
73.9887321676217
71.5866687933243
79.2557211738897
73.77145899763
72.7189815531019
72.6265005390923
69.2252544683957
71.4492046260627
68.6869982644465
73.5045424685699
70.6267363394836
70.3663323885451
71.6071968988124
73.0167887466318
66.7953863735572
70.9730931623277
64.9976753185581
70.8511701419036
76.2126838353931
70.0286428624823
69.63643852028
74.0878238463303
69.5075942041899
67.0650436206886
69.6939939685981
70.6262103612049
70.5685351689792
67.0761752319478
81.5368096941284
70.0668031039435
66.0333299022997
70.9483358068779
71.1691414454762
69.8085391916159
67.2576086269579
71.7394516815677
71.7897789889767
68.8869403148236
72.0692843287179
71.3021882726831
71.5136879813883
71.7211842434283
70.1777557759264
71.6149230092685
79.7490325609696
69.786809636139
70.6489776321384
70.5442786275077
68.7209630883989
69.0467536609637
66.158075617148
65.0435329863521
62.535102110035
73.7680691774047
73.0198880044449
65.6584331854079
68.099204930598
73.4948738989869
69.0600095230739
63.2063199338844
61.3753114273427
71.6163753561307
72.1654511505162
68.2930746665728
67.1737431815297
70.1963228155637
69.0652317323983
70.826242418542
61.380209277518
70.4196528278252
65.4855365611723
69.2337744524416
62.8241831406564
67.8896319064409
63.8526779099291
69.4453953643364
68.7516513116468
70.0345757497874
67.3073058883497
72.9978891944486
65.0038738446818
72.8895504004543
65.7479666084599
67.0931540985538
94.8439535710985
63.8884523555285
70.9887272864881
71.4761140219782
60.1170334870196
68.998631947359
82.133120327072
82.5997215230918
68.2059690422371
60.9165157928274
71.5327476292752
74.9722928635634
65.3819428291771
62.8155508633642
66.862624781881
63.3262729934442
68.2811416009875
67.3517861676218
66.7473771532207
72.369313061793
68.8132436339917
79.4929236309199
71.7612809047841
75.0859700765532
67.180104964609
68.2062030914869
77.9109892507826
72.9706849385721
65.3805210354418
67.623843204315
68.6816623735017
89.2806730487651
84.4662627673192
88.0391098104882
88.6228628393989
91.0507912364879
91.2895056069788
91.2895055948209
91.2895055948209
91.2895055948209
91.2895055948209
91.2895055948209
91.2895055948209
91.2895055948209
91.2895055948209
91.2895055948209
91.2895055948209
91.2895055948209
91.2895055948209
91.2895055948209
91.2895055948209
91.2895055948209
91.2895055948209
91.2895055948209
91.2895055948209
91.2895055948209
91.2895055948209
91.2895055948209
91.2895055948209
91.2895055948209
91.2895055948209
91.2895055948209
91.2895067655863
91.2895055948209
91.2895055948209
91.2895055948209
91.2895055948209
91.2895055948209
91.2895055948209
243.289505594821
177.497092868354
177.45572063037
182.579014258915
149.065459797074
178.250546918689
162.484390628069
147.918366551955
166.811215336043
138.397626155799
110.222380467231
103.44487696978
91.2895055948213
150.18287868934
111.148389058108
113.212902143225
94.6206032145924
110.018977007784
93.9568198656468
96.9813408324957
89.0298310289916
85.9124188915247
80.968759953993
78.761515750156
71.8385264572894
73.3087421590987
71.2945128193619
70.3845240743064
69.3524161085139
68.9125342224806
69.0023223545561
69.2217938460039
69.1226431674812
68.9228799710801
68.8150019948269
68.63418583204
68.4942209777738
68.3821118016644
67.8257613603157
67.2120199610785
66.8189223554059
66.6240954309704
66.6935380557813
66.6868657327867
66.756071787172
67.0654045103821
67.2480736478847
67.5614040222268
68.1319900107047
68.6941779513334
69.1106228013975
69.4850149799396
69.7468238847292
69.9759712438487
70.059151410021
70.2628754612312
70.3574107144828
70.3874420813423
70.3070903347699
70.1119612636836
70.0425388339263
69.9864115509142
69.650793178356
69.5401216192017
69.5263423707075
69.7378695104653
70.0583670090548
70.3138303437974
70.4728891386505
70.4473276261905
70.3021701208342
70.3749365964196
70.2898955731344
70.2696018367837
70.3098211315206
70.4592871322503
70.6597174108098
70.7725946057358
70.7995754875185
70.8663834241652
70.9604766136821
71.103556641008
71.2213779076573
71.278574173359
71.1605425697396
71.1936283410211
71.3319637045866
71.3975050471289
71.6010980062227
71.633965715834
71.745643099902
71.9632301549841
72.1711975229593
72.4489832271043
72.9131668356276
73.2977551120554
73.4530444033415
73.5169222693142
73.5890847786044
73.5215349108249
73.4689306353942
73.3067814994883
73.1568436386942
72.9354885990236
72.6769183377643
72.6213469010343
72.7374518480323
72.879107681511
73.0449049075426
72.9812334786974
72.8549379472398
72.8192125009945
72.8925569535993
73.0740087735105
73.1989882213804
73.3289272675295
73.4546849360617
73.481136477326
73.652959123865
73.5581349271773
73.4684193176645
73.4757703378565
73.5397896921481
73.860938215829
74.2801692103418
74.5679381245253
74.7254593882093
75.054110905038
75.3696546685173
75.6146175055826
75.7732184796434
76.0344366949943
76.3150004944229
76.384869481022
76.6956804093157
76.8423428628688
76.9077311940515
76.5489157941262
76.6957492909973
76.5270076082765
76.2808394379356
76.1169198363135
75.9184758862368
75.5852590531389
75.0893037927676
74.8569715256668
74.6096914038508
74.6813803623617
74.5175459908944
74.6548797333432
74.6291989874607
74.6525803140595
74.7079429514664
74.8812659071899
75.0783870574245
75.2270209578597
75.2823932213663
75.2515297645321
75.2167848038444
75.1091218664965
75.0372147275013
74.8925098530095
74.6408865212139
74.4262465129691
74.1983027352382
73.7393394656838
73.3927013268919
73.2530171989835
73.1556605061438
73.3327541664744
73.5336244055276
73.6734197609592
73.801655524103
73.9463763274509
74.2433139041737
74.388978114679
74.5230736922573
74.7856445851644
74.6695662017426
74.7954030421401
75.0148943119858
75.1520696340415
75.3120443838895
75.3727451740509
75.1649288427465
74.9597147168088
74.7447064815842
74.7851371963317
74.5923643141776
74.5138953470985
74.3330839893526
74.0365569301677
73.8717935765754
73.4278170462265
73.0756098106361
72.6135754100105
72.2211362455267
72.0563052008826
71.4996903977742
70.9944740722779
70.2204763918572
69.7245778523884
69.3471602202649
69.0278836896664
68.6028130781583
68.0090125945032
67.6645239226425
67.4821495857972
67.2947319506052
66.9256904191279
66.452019111707
66.0792559617419
65.9168729645968
65.7370091226221
65.6715212841709
65.6210612599145
65.4892723533537
65.411080117478
65.2076634385945
64.8925295868777
64.8023489158156
64.67637117069
64.5317275325681
64.8416914840403
64.9835560473209
65.2774630937531
65.4320352982578
65.6667912171856
65.433092933079
66.1739815079642
66.47819858057
66.8688366019887
66.6219294437678
67.0651186309954
67.3275874108651
67.692753231548
68.2078756804427
68.1804590399632
68.3801312254558
68.649779856291
68.8618384517888
69.0087592396983
69.0807447500041
69.3284756507292
69.4161199541514
69.4028446349537
68.9910380403493
68.8444117536611
68.6212735948582
68.4486523207689
68.4145126707522
68.2266402326981
68.0476109938511
67.8983924597826
67.7227872460354
67.2122120799466
67.3205095460169
67.1373816851373
67.0006214842985
66.7907651934355
66.5102506850106
66.2171559261598
65.9730489772028
65.6065517779295
65.2799401533967
64.9466254986582
64.6329752727186
64.3193408334346
64.1678996643492
64.1401052219783
64.2529960783299
64.3636514397123
64.415370562294
64.5226815882136
64.6358319659632
64.6600997583211
64.8434241897397
64.9976724231642
65.075984187317
65.1081757358574
65.0178469158976
64.9449079342238
65.0018103564583
65.1451005956842
65.404604140705
65.68168947927
65.86166007714
65.8921245630191
65.9919750588947
66.0366256152906
66.0812865762857
66.0435712288275
65.9199262716502
65.6113640198984
65.1434996063935
65.0191768233807
64.9216396903988
64.987087401609
64.9894308847185
65.0231854584391
64.9408783111028
64.8796699013917
64.8997634233216
64.926936203803
64.9196854871938
64.8155773590549
64.9112372350356
64.8981349038027
64.9357865954432
64.8672760668686
65.3973362370361
65.7027247514502
66.2694119379864
66.465430237531
66.5901280646105
66.7906213195106
67.0626328660044
67.3239186823137
67.4176233339039
67.4055007175079
67.6872212982404
67.6914946824738
67.5780034227382
67.7005096687161
67.6417223678848
67.6570937878584
67.5229080215613
67.571188169443
67.6117390590466
67.6941279869801
67.6912354938038
67.7468302107282
67.6411150751352
67.8786541892697
67.8582215311533
67.8431012917996
67.6716047995134
67.6252262292694
67.5752637390843
67.5540775220552
67.4562393052582
67.4591220509458
67.5234524695421
67.6388004364978
67.5418942857736
67.4561654009084
67.3038133421154
67.0936042417193
67.0753803561238
67.1302061708325
67.0873701583924
67.0329809371111
66.4785637459724
66.1910941800574
66.0065150087096
65.9156293309455
65.8494047750767
65.7611558782174
65.7941725358994
65.8526969864929
65.9967995324822
66.2410845946322
66.4889845571615
66.6473616151764
66.8170698007095
67.0659388055709
67.3235966955949
67.4959935759007
67.6958415735073
67.9486476198789
68.2436474339745
68.5645207492041
68.7628051184509
68.943350416162
69.124606701554
69.2828512263222
69.369560459909
69.230342521576
69.0517437061932
68.8070176470597
68.6809482588035
68.5539937388255
68.322505498896
68.104793236317
67.9471781854676
67.7399457594565
67.477845156408
67.313539529579
67.1643636113873
66.9758226486748
66.8707943613372
67.0170319091717
67.0496973625436
66.9510112629153
66.7836473272332
66.5299223415885
66.2846260789555
66.1489720352037
66.1469851510373
66.1187687513839
66.0065227238659
65.9693083939754
66.0831155344412
65.381865248786
65.3214545896827
65.5432827483494
65.2894507032504
65.3789366650409
65.5919215169043
65.7913092914095
65.9531343130364
66.2676497857543
72.9103293625976
58.3383286785172
69.0840541570112
64.0203420844317
66.4544480850193
76.6520801095323
83.9140222607601
87.5574734695566
91.2895058095641
70.1964509868533
91.294552407264
91.2895055948209
91.2895055948209
91.2895055948209
91.2895055948209
91.2895055948209
91.2895055948209
91.3013451721469
91.2895055948209
152
91.289505596172
91.2895055948209
91.2895055948209
91.2895055948209
91.2895055948209
91.2895055948209
91.2895055948209
91.2895055948209
91.2895055948209
91.2895055948209
91.5677503388998
91.2895055948209
91.2895055948209
91.2895055948209
91.2895055948209
91.2895055948209
91.2895055948209
91.2895055948209
91.2895055948209
91.2895055948209
91.2895055948209
91.2895055948209
243.289505594821
177.127574687561
170.586025085596
108.4819048689
151.690652190628
182.585877542988
136.803532609963
128.848892339075
161.198374231292
175.328173392332
137.470594926513
162.075944542999
126.446665992761
129.829648539229
106.007916723273
117.165511441891
97.4874363053086
110.65888826212
91.2895055958367
121.120015459911
91.2896153473962
91.2895055948209
97.0406508090659
91.4496394994537
91.2895055948209
91.2895055948209
91.2895055948209
68.1274390015174
91.3312943373824
91.2895055948209
91.2895055948209
91.2895055948209
91.2895055948209
91.2895055948209
91.2895055948209
91.2895055948209
91.2895055948209
91.2895055948209
91.2895055948209
91.2895055948209
91.2895055948209
91.2895055948209
91.2895055948209
91.2895055948209
91.2895055948209
91.2895055948209
91.2895055948209
91.2895055948209
91.2895316683066
91.2895055948209
91.2895055948209
91.2895055948209
91.2895055948209
91.2895055948209
243.289505594821
177.309952510113
171.918063403973
109.949807276408
150.913497310595
182.588758105334
130.228868775273
91.2895055948209
99.6143898613613
176.170118865673
91.2895056186991
91.2895055948209
91.2895055948209
91.2895055948209
91.2895055948209
165.693501095846
91.2895055953387
91.2895055948209
91.2895055948209
132.403952321194
91.2895063482526
91.2895055948209
91.2895055948209
91.2895055948209
91.2895055948209
91.2895055948209
91.2895055948209
91.2895055948209
91.2895055948209
91.2895055948209
91.2895055948209
91.2895055948209
91.2895055948209
91.2895055948209
91.2895055948209
91.2895055948209
91.2895055948209
91.2895055948209
91.2895055948209
91.2895055948209
243.289505594821
177.12997518788
170.538839885694
108.717538207901
181.490432668133
91.2895056007772
91.2895055948209
91.2895055948209
91.2895055948209
91.2895055948209
125.984686802175
91.2896892980495
91.2895055948209
91.2895055948209
91.2895055948209
116.46777386956
183.013344930164
166.963459779844
141.602146013891
91.2895055948209
114.077497369947
91.2895055948209
91.2895055948209
91.2895055948209
91.2895055948209
91.2895055948209
91.2895055948209
91.2895055948209
91.2895055948209
91.2895055948209
91.2895055948209
91.2895055948209
91.2895055948209
91.2895055948209
91.2895055948209
91.2895055948209
91.2895055948209
91.2895055948209
91.2895055948209
91.2895055948209
91.2895055948209
91.2895055948209
91.2895055948209
91.2895055948209
91.2895055948209
91.2895055948209
91.2895055948209
243.289505594821
177.151554953153
170.744427509457
108.721808350886
154.717685899037
91.2895137985167
91.2895055948209
91.2895055948209
91.2895055948209
91.2895055948209
91.2895055948209
98.5473426902498
91.2895055948212
91.2895055948209
91.2895055948209
91.2895055948209
147.123129126945
172.225184392403
175.26713840372
104.850994424056
111.792560726363
91.2895055948209
91.2895055948209
91.2895055948209
119.008991986862
91.295569537663
118.21865656425
119.839963786782
103.057558651728
91.2895055948256
91.2895055948209
91.2895055948209
91.2895055948209
91.2895055948209
91.2895055948209
91.2895055948209
91.2895055948209
91.2895055948209
91.2895055948209
91.2895055948209
91.2895055948209
91.2895055948209
91.2895055948209
91.2895055948209
91.2895055948209
91.2895055948209
91.2895055948209
91.2895055948209
91.2895055948209
91.2895055948209
91.2895055948209
91.2895055948209
91.2895055948209
91.2895055948209
91.2895055948209
91.2895055948209
91.2895055948209
120.544023225488
243.289505594821
172.597847937004
169.11860018265
181.196097553501
165.981620317397
171.698890461532
174.021267623656
158.733862836632
170.904532163269
126.872889087922
163.170915795701
91.2895056032018
118.028650083229
96.6525576769732
91.2895055948209
91.2895055948209
100.463076387831
121.688321041482
91.2895055948331
72.0605604839304
96.9725415656458
95.79327761735
91.3503091755488
87.7719580943892
85.0415545536671
82.3536758248952
80.1592162993119
78.5625732710431
77.1454060357779
76.2988563001249
76.1013610777237
75.8983930292345
75.5020567952416
75.1646707538191
74.996092257766
74.7745228041805
74.5704642089502
74.3615305650893
73.9218475801397
73.258609413661
72.8148981278719
72.5751412457765
72.5094945746769
72.5126635946076
72.5149834577581
72.7526073601902
73.0522516790545
73.5039191748557
73.9570306310591
74.3510954395784
74.6159280875598
74.8569267676208
75.0165449470717
75.2368481390104
75.3341779078626
75.5326440959323
75.6145998841495
75.5450492221426
75.458651690634
75.3522067327926
75.2682147488941
75.1576033783989
75.0268303444617
74.6959464372174
74.5851283991081
74.7691637530453
74.8804684371473
75.0227063079628
74.9870531494044
74.8895824722262
74.8308085986656
74.7735561407156
74.6255097241092
74.5641080352486
74.6436739892484
74.8317858940127
75.0636096620343
75.22722185666
75.3116604960902
75.4059587795023
75.5684914207172
75.7666510677808
75.876258827387
75.8981295140653
75.9019556563547
75.9388938205337
75.9534179185645
76.0681457908155
76.2328183420513
76.3968763177594
76.5100425564814
76.684963310592
77.0309825554048
77.5856596687491
78.183228785805
78.7080063825725
79.000397044807
79.1453153505974
79.312466308418
79.3434759185233
79.2301838337176
79.1644648522582
78.9771254573668
78.6677672023127
78.3334144141676
78.2391630833145
78.3082813742088
78.4016739665074
78.5356414965631
78.5338838442522
78.4607443994485
78.3295491741199
78.3632530589265
78.4709385547419
78.5984135077874
78.7038324570953
78.8707863928714
79.0181135336901
79.0311682476933
78.9183920460894
78.7717992147097
78.7115662129407
78.952073747417
79.3279251373406
79.6441709036968
79.9435753637237
80.176409528227
80.4125476058248
80.661854964067
80.9338034019427
81.1615274689993
81.461404402496
81.7488567187618
81.8574474401763
82.0155324126164
82.207518639262
82.1868641820725
82.0551836409573
81.9122734396359
81.8224162441421
81.685221279616
81.4970055392832
81.2908302375293
81.0128534719827
80.6129383423932
80.3275106478464
80.0603009071982
80.3148149254556
79.7474556447985
79.547882432165
78.7425205988823
78.5681670397014
78.9277838459332
78.6073748381621
78.7833133062478
76.3153627411694
76.9440475359761
78.2954878161794
74.8285760940252
77.8178157838516
76.2082013023334
77.4508956531451
77.346346692233
77.0692642546184
77.0120519143654
76.6430249861305
76.4357560883759
76.4433685523346
75.5906965164234
76.4529239492163
77.026985843259
77.1940092827459
77.4069467492901
77.1201129995949
77.538449763567
77.9085838440716
77.6782681073464
77.5321832147612
77.371135577712
77.3872662754822
77.5151289657875
77.870454867557
78.0006757431962
77.0679734171923
77.0949718916979
76.8689789474009
75.3891231231482
76.9757684553661
75.6871636383209
75.8726142002089
76.3459047975341
75.9705546398345
75.0811556496007
73.483296285357
74.36391191404
73.2143873368704
74.1520853999973
72.9677041714605
72.2841671894449
73.0831939568931
72.2592194094916
71.8489354261093
71.7695298070885
71.7958848629339
70.4447683165988
71.3341020370019
70.4111460255943
69.5987222292568
68.6148873107665
69.2502053273259
68.8402852990681
68.8807409832036
68.3473232461012
68.3320175998684
68.0591676979555
67.4310423251296
68.2100581299117
67.8323716293848
68.1495587675719
68.0729991461032
67.6284839336254
67.8356087149839
68.1389153107108
68.4215628638224
68.6594931780125
68.9196277468643
68.0882331422965
68.6525300171594
68.5175041339386
68.4939651618705
66.8444166527436
68.7291561461021
69.039440038456
70.1694277672994
70.4854950289097
70.659169684256
71.0739821713122
70.140201657045
71.1881853213124
70.9831859582107
71.7822876398285
72.2252277467427
70.5026394885599
70.7067856476705
71.6672829072835
70.045696444261
70.9416149250836
70.5611678099506
69.5375198384033
69.9324172532352
70.0579848106039
68.3193798819748
69.7561551482717
69.3111580384822
69.6450644697471
68.827594804773
69.1922450574049
68.141925053838
68.2200527758818
67.3862333877856
66.8039792487011
67.5014889844431
67.5627503835914
66.9142867880438
66.9826168730745
66.6980886828526
66.478933876047
66.2623714538741
66.094841389289
66.0877151592641
66.1498041370904
66.2266749389249
66.2410501567054
66.2929523785016
66.331555902958
66.2996968764041
66.2008696795798
66.5259516850337
66.5526423506285
66.5061930290077
66.4917687231354
66.3361045961955
66.3751400413425
66.504357418641
66.7321843784033
66.9756905161035
67.1286126269881
67.1459067694101
67.2277216780202
67.2578787033858
67.2865851860767
67.2480446016793
67.0952655042861
66.952714945858
66.7582679212064
66.6786923035492
66.7577160284431
66.839838800196
66.8599666709996
66.8178072896319
66.7883925426964
66.7903017578959
66.7950210847909
66.7542847874334
66.666817004311
66.6161121067298
66.6436946651117
66.6443888726058
66.6430311542811
66.7566085084092
66.9543984531549
67.3100922363809
67.6965907720584
67.975565541876
68.1904858379822
68.3943322472388
68.5925047216561
68.7297693640887
68.8322130761464
68.9534976467789
69.1032649655218
69.1730537384767
69.1868803638207
69.2005498884296
69.1342988485792
69.0963412745275
69.1048471691649
69.0576008831553
69.1143472596722
69.224975567464
69.2565617262561
69.2442070250172
69.272234722772
69.376898474634
69.449756052251
69.7412939935673
69.6858440387001
69.3788526022796
68.6728650309512
69.2354565769345
69.0874531762378
68.7200349623519
68.7543231112542
69.2760693011301
66.255307203643
66.8322593181345
68.8508121869896
68.1226781144835
66.6982494880219
67.984082481161
69.843176880335
65.7974370350859
66.1684884334627
66.4732687632877
66.383896118749
66.6735386262364
66.0500168978708
66.6760268255629
67.4249361828691
63.0238908428946
64.187172442957
65.2293567767957
65.8129537827819
65.9790769220106
65.3928802169119
67.6914499141911
64.8473480990779
66.5406884428894
61.8668464362525
63.5768743022262
73.7438121772685
69.2600242798197
71.1506760845051
68.0107043602024
66.3425356937046
68.1554164384854
69.2814687109531
68.6122957609985
57.9982555425645
71.5750132510082
65.7139255409627
66.4157029420712
66.1843183821268
65.0354079918898
65.3491161259403
64.7992805757314
65.4553933691782
64.6000789468804
67.3794053592932
56.4155462184987
58.6292743126591
60.9236119630397
66.8625905248398
64.7209334907222
63.844166071051
66.7735282914798
64.6975984637364
66.2541365582135
51.4392269030363
65.2903936766522
66.2884248471914
61.6859045347657
59.9887099282765
62.9015883140511
62.2668954724551
63.6089867964885
65.4144182009555
62.138898917197
61.2068384984259
63.625769081827
66.3094712658906
62.5328531236491
66.1193069665447
68.0953335411825
65.7651297961166
64.2607821773229
68.5075800581221
63.1119346558781
67.9099222471303
67.88897740006
67.2335183456711
61.6825660183508
62.1159361972606
65.3660145907976
69.4617908024259
74.3052763197518
76.0709519324589
70.1503472177277
70.9374367508059
67.6687835249317
69.124355602133
64.6697909692783
67.8031802964191
68.5183720095172
70.2957381485739
71.0655396885303
68.0594865969513
61.153652539394
65.8378331580248
66.7803681014353
69.4845820515079
70.4289857046837
67.646865591513
68.026480103577
68.3014309603167
66.6253507428769
68.2972458155978
66.4900401269208
66.9503993096532
69.5140517037527
72.8765392222258
67.2063331435778
69.6885159311304
70.5447167400269
61.6609796023536
71.3394343366458
67.8400326877551
67.6513081223709
67.3266503821603
67.3530707500932
67.1958521200404
66.6560077672149
67.6107133055867
70.0748365424385
62.6134243942067
56.4311040806724
66.6445857902094
67.8315656229359
68.0000101202524
62.9050104092632
68.7076140612458
65.4691495849658
66.2496362430902
67.6283800563214
66.8295196251622
74.6359184189957
67.711080748223
66.9847437845424
67.0218378500306
65.1322063329786
68.1214616301253
71.4444266786922
65.6438871370978
61.8334567361742
65.5834573114888
60.1397515805545
65.7105401465972
66.1696292807172
66.0415428679816
67.0949760229308
66.3578222775924
66.2465584982658
64.9410814351774
64.5524670523254
66.33089785598
63.4294477004935
65.6657245879815
67.142927352885
66.0387547831237
62.7541302241255
64.2778896667518
65.6477293367468
64.3875731497762
65.8883707420684
65.5924590862737
64.583753882655
65.1978970598069
60.6612886228538
65.4749368122951
63.9764672149162
63.0852857498243
66.3474009459488
71.1960790182185
67.0311011726886
67.5749413868137
67.718535222221
64.5343736457186
64.0632750116537
61.3158605931926
71.5282829604432
64.5282151349298
64.8594388328476
62.0983153647107
57.9904100841907
59.7635557061083
58.448255735905
65.370098806105
67.6827040233884
61.8260310143018
50.5943570388925
58.4394517573195
59.329883613751
69.1230619926301
66.3381253700783
62.9935999738936
63.3561579542287
62.9600434223653
62.346210021651
62.1666397442571
63.3881006132881
64.1738189314566
64.585740347281
64.0662044427736
67.2226477705
64.0777259039416
60.753016916993
63.2010367856507
51.1336896176585
58.7597667332079
62.5018969707656
67.9703658354486
63.0558266029524
65.326341222828
61.2798518594182
61.8840718206304
62.3947225833486
61.2076530706026
60.8342342617855
61.0756333553204
65.5840746540673
61.0494424370464
64.9939056559436
62.2410401725535
63.9201450463327
61.9417453347853
63.0201342601678
57.5879707642288
64.9268280909128
63.7826320193768
65.2593418730294
70.1534826207148
65.9392066477257
57.7722690942304
63.0274941117537
65.1815982306955
65.9564268224932
65.3705104028093
63.6390560614039
66.4745139116431
65.9761788074901
64.3530346661518
63.5558479585968
65.9107259401655
66.4568259239605
64.6643427741953
67.8828265921798
65.1846913188284
63.5195723985657
67.5336809014018
70.1842935472866
64.7295380300835
66.1569941055435
64.0893792101662
68.1637763409862
64.9711103345538
63.6755665093039
67.4376100792673
64.2752610056444
65.9157701688653
65.7000683308142
63.8156691250777
64.717560880049
66.2885078585463
66.4196846771134
67.0254696514252
65.8518932599595
62.4045543525696
68.7494671569393
68.5215967328142
67.2213567402044
66.491533146624
65.1386438252427
66.4608983300582
67.3896749451261
66.7911089986797
67.617432948951
67.4604052192504
66.7193785078679
67.6733236489192
68.0296463251244
67.1581328475255
67.6338353197325
66.6287835255432
67.9088960780701
67.1588060031022
69.7740699308701
69.4942673958806
67.877907998419
67.3517170400159
69.0624720218993
69.6752406329304
66.6345086559791
65.523806069845
72.0392453396051
68.8080594441804
69.3138492308378
70.9481962849706
69.2076777494694
69.7773390468546
66.6653699539402
68.4729011714047
69.4809484290547
69.3678392619843
69.4957559446814
68.5415607045653
65.5515718003076
68.8522090571657
68.130942562272
68.5942911831285
68.0666847689356
64.8322464228508
69.7317588558297
68.9608636625469
68.2442331619023
66.8482192500558
66.916156082835
66.9430350463573
66.9109269604273
66.4889284623173
66.4324400071703
68.512504543608
65.7188877442876
65.9115893871578
66.2594765365607
65.4526953523436
64.9688103305153
65.3091258212606
67.0316435172305
67.5296391120862
64.4640413870746
63.869417916205
65.4657128141457
66.306776797664
67.5159581584029
65.0518125008081
67.6295599106863
66.7766546779562
68.7837521777124
67.7335445303651
67.982500028314
66.418499295623
66.4941349909153
65.5362002846329
65.4212815919342
67.0898068452274
66.4209753085146
67.0546741114696
65.9066512388951
63.8218413110976
66.7724680407798
65.6620941274498
69.9743644136744
66.6208852336314
67.7014854082968
66.7708677811176
66.3832818508658
66.2795454074727
66.8927416303176
66.5546036693902
65.2683416297681
63.2427827866473
66.5075043876803
66.805415063248
67.5219216187404
68.7337428080775
67.9933682656779
66.6029410263125
68.8991147454565
66.6554594465048
65.172792830491
67.1904517194945
67.4916739274154
66.7877896215991
66.0661376187539
66.1237233322904
65.5692369627971
65.9340571091172
64.5579737427032
65.0535700214706
68.0849269456892
66.8778624778298
65.8782252416763
66.3997505305658
66.5154232211828
61.989808400831
61.3826293436619
65.5217517243752
65.1906598284342
65.4063314496913
66.5329546969211
65.9532427283387
66.4044024588651
65.5973290642444
67.0399383010185
67.2730157644158
67.0683152624337
67.1264894541656
67.0096463218431
67.1928765820456
66.8909671344459
66.9047671245595
67.7320565180387
67.3538277483214
67.1237116681082
65.1955420012388
67.4062899823134
67.4157441585134
67.6527136541308
67.6734747805401
67.3777329347207
67.6354630290504
66.8598353557669
68.1918100383711
68.3567124606122
68.6966181407074
67.4223783488533
67.8098715730924
68.0329387776712
67.1676037403074
67.4357344192987
65.3553526948879
66.1139454530953
68.8774377099504
68.8120526610785
69.0890235756743
69.1561821797546
68.9092452258266
68.5606761714269
68.7829562379394
69.3341308543707
69.6133949433062
69.982901176038
69.9188479477323
71.3303883865978
68.9216992647729
69.8467822806042
69.2326441625974
70.1877394462796
69.8665713286422
70.0571835292492
69.2502066645965
69.6361429948609
69.41851819572
69.3457717134877
69.2913588162824
66.8817426610405
69.1504019104727
68.5941315147856
71.4880457783095
71.4340586855713
70.1838461055006
68.7047427809626
68.3097924837237
68.6830216582404
69.779606497196
69.0714148608439
67.8555861839107
69.8440446031382
70.7433140450514
67.3948335001698
69.7944267841845
69.9189065720256
67.2172943933067
66.1826990761983
67.5322630688942
68.8537495222404
68.5270901467091
68.4588249242386
67.7394488083223
66.591034353289
68.0689146145889
68.5134528894993
68.7587239250443
67.9678480076928
68.6660457511111
65.508142126706
67.742808930132
67.787386168132
68.7312535839286
68.0421048232401
68.3452202133684
68.15706025159
68.0608992017942
67.9820870552705
67.9736935877698
68.5561859189917
69.2910606862233
69.8736562265229
68.0056444112243
67.2382293526521
65.1363987585136
66.9891615324676
67.7537773467352
67.4631301114242
68.7873477161481
67.2313683541977
67.95811865977
68.2917202019689
67.7044401185192
68.2169782680614
68.7730747390087
68.1313658044073
68.5769621004529
68.3205930597887
68.0862600022145
68.1372431280073
68.0587860546195
65.5041305813891
65.9536209468771
68.4800782561861
67.5412919182289
67.1131020752177
67.5736237076567
67.7341353997116
68.2064715183174
66.5957228776442
68.6502270957555
66.4358450427347
68.2631446147474
68.4478356929698
66.9344910301804
67.1124529525305
68.0349630629936
68.1888154515724
69.2644777394772
68.0867262252213
68.5850965751328
68.3720897179048
66.0140260397563
67.5141512009363
68.0703004066416
68.398860743311
68.762098404315
68.0712738617952
68.6572096656363
68.1351146005246
69.1467050810282
68.9559246396298
67.2309329763479
64.7414486166401
68.5324195702052
67.8419749661242
67.9389767325587
67.1513255023893
67.0977468253157
67.9951160489369
67.8624421593714
67.5797948456831
67.619410304703
65.764364521781
67.7564872443159
67.8782139768997
68.1072076354377
68.5672127319042
67.9094752347927
67.4199299795865
67.6518911189806
67.3220458537699
68.7628311217338
67.6074726458912
67.9220862621701
67.5355384905514
65.4396480252242
66.779586549446
67.8086217252551
67.5529068382264
67.5440076635339
67.3781697269142
68.4357479644722
67.2149236472508
67.8808542388888
67.1404971369855
68.0481185559432
67.6192814567556
68.5094500815302
67.8428483529695
66.688811044239
67.0534950057236
67.9218451722838
68.0161505525363
67.5514910603612
68.0373949796591
68.531097266816
68.8312695004558
67.8425001227901
68.9505602540744
66.7301087397169
67.6092509101469
65.9434102963693
67.1616651699313
68.1821348810294
62.7469255503713
67.2001354608303
67.9839393203213
67.6442191886608
67.89552521081
67.7840586272713
67.779408216184
67.529648257532
67.7680898368831
66.1746012437768
67.9904493942371
67.4638526712875
67.0205123119779
67.9195698476012
66.7292425241655
64.7196155229761
69.3694344081376
69.8029393922189
70.2599671086936
67.8461924368816
68.0628447577756
68.2029181040913
68.7304408764102
68.2281558447342
68.4428389618355
68.2055650884226
67.4871487568204
68.1772035589684
68.4506230914367
67.4879931889001
67.4188087207927
69.5886655353838
68.9974781925917
68.2167550362839
68.4758427757193
67.3273038574401
68.5325726585936
66.7067391828563
67.0912488707842
68.1111080701622
68.5907573398149
68.1478616203102
69.6104947237436
68.7231477594779
68.423567414408
68.2508627674116
68.1832470628872
69.2495449299848
66.969904719336
69.8436717303089
68.3508429072948
68.4293183971131
69.1981246440237
69.0153392918349
68.8970189419769
67.7304723650488
69.3561900143996
68.9196893561927
69.2552095064364
69.9279384199701
69.7292316776303
69.7519414084322
69.9121083658494
69.7232536043782
69.9380180753239
70.1979508893413
70.9702739516489
70.2691223875339
70.3876291484454
71.1907524408844
69.6737342271502
70.3536199402562
70.0757377669002
70.4320932723295
70.5196151803627
69.7996109371993
69.990366195775
70.0046761294889
70.0342355474366
69.4505431507108
70.35891076287
69.4542836311592
70.1719833037819
68.6277348930828
69.7625133651441
70.7710745466826
70.1480001419388
69.0660290224449
69.3540894776592
69.3113409338875
69.3551065187925
69.7948162856715
69.9839821990533
69.9072512886587
68.3014960002063
68.5133925911964
69.3511969605926
68.4779923960285
68.7924283420598
68.3052429156236
69.4596419268147
69.1578806565916
69.2333065133703
68.7650375748783
69.1711829339096
69.2451925272145
70.2382020415782
69.2719141481774
66.268589196598
68.2347137591163
68.9792802869152
71.7069521696853
70.3847759561659
69.466303975104
71.8455527462519
70.6442043701384
71.6264085076638
70.9113924199464
70.6813592556643
71.1206614937689
71.5727452199939
71.4540513123034
72.0921385982005
72.109450048615
71.6112882174257
71.4594639470316
71.6147551901582
72.3733118383115
71.9968489890222
72.4714118191885
71.7338001236045
72.2274740080117
71.9662268549807
71.7890043909786
71.4376026965363
70.607772679315
68.4582773107688
71.8124373671133
71.6281797453361
71.2335101794469
70.3148531003959
71.3329975157861
69.9267466476114
71.044138773417
70.2385785192926
69.7517664173803
68.4853531254675
69.6683017104028
70.1941735138194
68.5718208288648
69.3140247825642
69.7791161515893
71.9177948301632
69.5340160678853
70.3355305272422
69.2247793102958
68.2214052091312
67.7904590700463
66.3094303839544
67.6781197990634
68.5010648039751
68.2919352726274
67.8990033968414
67.3348940815427
67.7475756761412
67.2457793338578
69.4460924524817
68.5841788685968
67.7859420114914
66.6955345331864
66.9265331349545
67.6851084938792
67.5930268618537
66.7659335765784
68.9234818863735
70.0595384473401
68.6863886492394
67.8909677684999
69.0741661010577
67.3268908705435
67.4776104912471
67.0868801923255
68.7288254891862
67.3733183346216
67.3613453841842
67.4001879453426
67.8563976402389
67.9045951675239
67.4369350234161
67.72762899327
68.3085137446722
67.617065602711
66.5418301539802
64.299847049895
68.5440537189929
67.8290028822262
68.0105284064423
67.3495089136774
67.995442627065
68.5765347680795
67.8124553783861
67.9522378003255
67.2669518635017
66.8746790586476
66.4458767007473
68.236640862262
67.369868689131
66.8545610431413
68.7318509920315
72.1728185310045
72.0236341146688
68.0587156062263
66.029956991996
67.7628381310447
68.2417289552417
67.6864065019287
67.9908662695696
67.6702535618469
67.6239634061782
68.4150616778344
68.5314289216003
68.0675896962978
67.8619594879242
69.5131770881942
69.196914384114
69.0122495348977
66.6631587718393
70.5781055383306
69.5562357791972
70.8149254156396
68.413052686189
66.98781533366
69.5631964798641
69.1353345512473
69.6496678013678
69.4957878535101
69.7183673920672
68.5915534795959
68.3320322406956
70.8453934585007
64.2882458537437
67.2443818436733
70.1472355858373
69.1393890346763
70.0188597375984
70.7331198228321
70.0034869857827
69.7717231169072
69.164037103722
69.4690540322708
69.3777995351236
69.7435985861762
70.545014839155
69.7786360932722
69.6428069047998
69.2230631619075
69.7384568233565
69.7865841317821
69.8001258731185
69.3225492999848
69.6423905474045
69.8616631244496
68.778572294396
68.6755576622782
70.534695366017
69.4352015554397
70.1527428488351
69.3452719542252
72.3991789399892
72.4041512395888
69.833501791824
68.2369761608558
68.6402788860044
69.5071541995657
69.1878625979075
68.9128477100063
68.5172218783598
68.9513359067045
69.7334826266204
68.4946061245498
67.8272849874579
68.2766671298168
68.8852884777257
68.8056041537592
69.3058072211508
69.2120797399601
68.3534980917406
69.1791960890388
69.3191384660556
69.0701428035865
68.7074946908103
68.8481571367459
68.2604879611738
69.3209286956838
70.4495093176631
69.6613019580189
68.4915869854234
68.3820393951115
68.9852806493935
68.9807983970831
68.6860038803263
68.7422512766416
69.5832236760688
68.741971154616
67.3210657082284
67.6325041254054
69.2963538453799
73.2146870947103
71.7266025884287
70.0006221518076
68.6621075405253
68.7790755280823
68.5755406798766
67.8554128178461
68.542717613293
68.5329788630602
69.4638430456217
68.9358692828026
68.4708203436957
66.2374873725088
67.601206367563
69.0264303061978
67.66937855589
67.6727173450756
69.4431441520179
68.0319919768181
67.9673528886725
68.5096412096192
68.802087235988
68.0387859269262
68.8535383284119
68.7001711617233
69.1341018291899
68.8926490656953
69.7449715738863
69.8271319450113
68.6004563113222
68.344735402281
68.6161619513825
68.5758381673379
68.662460171428
68.1058878550106
67.8482272308004
68.8436252282522
69.7012705389453
69.2665431455858
68.8662307617664
67.7613298404304
68.9847576754021
68.4078237743395
69.3621714097399
68.7104787500796
68.3146017910802
68.45699753884
68.8806226171145
68.2235735038525
68.8465955425461
68.5635876295272
66.5909110011008
68.2182553120036
70.5458348069183
69.7262155637132
69.3298690515973
69.2574264675004
69.4469536732608
69.3098033963121
69.2583103014243
68.3405435807816
67.8641902791455
66.7153203144031
65.4552579858188
68.3073052999757
68.5760453081327
67.1181658905518
68.1744174002116
68.1097363629846
68.2793120229829
64.3953057843995
67.8333262740773
69.0755473966625
71.5042993147002
70.816812324957
71.5310912947672
70.3233727927524
69.5126870665434
69.1550272995924
68.0607903451824
69.1509555335311
69.0973506776187
69.4066927771327
67.57328967947
69.2862217176196
69.038967483989
68.6416863292622
69.1150199282193
69.2324208379144
68.4644632353991
69.0279575507427
69.2002348981502
69.0766437736548
69.7715653964105
69.7736481521104
68.8564878673678
67.643949375229
69.3915644395049
68.8653322953889
69.1887082097818
69.2642783843158
69.2897496955943
69.2898418917294
69.1994701559274
69.5340622950986
68.9799218742338
68.8031428348865
69.1759915414279
69.833564542178
69.7723349561082
67.8934120677154
70.6690625913931
69.7271627900685
70.1028072972421
69.7207199632987
69.8637244771597
67.7416115982302
67.3072441627377
67.9568132104755
68.1965286571038
68.9123075591988
70.9960158156443
69.164732088115
68.95256378976
68.5552419051838
69.9762114743434
70.9765153862
68.2806148602679
68.0927949235358
68.8702933300865
69.5841312640867
69.7836123670503
69.3964814842576
69.2930753223548
68.7191054021048
68.688936691279
68.4567329770392
68.555283860397
66.490293126808
69.2110634266466
70.1062504888793
68.5236619413935
66.3557287949654
66.4912027167018
68.5056807270918
70.5198437562281
69.1675580815226
70.1148855811487
69.8926484926632
69.4143682736729
68.7321030043016
68.5628159122357
70.1385151255666
68.556942286238
68.7177935017157
69.0016172440725
67.617121004067
68.3388174339328
68.0326696797793
67.4848792289394
70.6081278757526
69.4072241109022
68.3449605516811
69.5089513893065
68.4489564451767
67.5411120630335
63.6498343098793
67.1672100107811
69.0997603385867
69.197007351697
68.841976051202
69.5748965181989
69.007644969924
68.7549288787086
69.898309829744
69.2959718975637
68.6281516611658
69.6672738718403
66.6161588299738
68.8261249538362
69.1064316463017
68.701168095937
67.1952024660965
68.4259461756065
68.6542840643858
68.1917028233094
68.6684844916141
69.2653193072912
68.7251029809471
68.5080315566782
68.3346764184756
68.952694562966
69.2504781313221
67.7879597030971
70.517781573566
69.9617838253593
68.9654095724784
67.0819940360182
68.6437350048436
67.8293034456244
69.422961242832
68.3157359119546
67.9077925232555
68.0499479207517
68.5659125562214
64.6830353643898
65.9753848405015
66.0642454478669
68.6564768278059
69.895999748232
69.4854033786574
70.1070978876942
70.3210795228082
71.1773365616843
71.4004195864206
70.0418500174358
69.6770503604751
68.3309168446619
68.6243662465514
66.2816021787098
68.6945701385958
70.0317985524909
70.0119843105868
69.9360001529974
69.8978959470676
70.3196075162692
69.2414767707915
69.6465751299048
69.3309815026918
67.7375972989915
69.821560494198
69.5329135287411
69.4286316703084
69.8392409926913
69.6059494483774
68.8267041737876
64.7827096695074
68.7019391607707
69.5898713056076
69.7630398794087
72.1478719565591
70.7768015407818
69.6384337245439
69.4646531492351
67.9932554365637
68.7347298205137
69.9554627513326
69.5660048002979
70.1033752510589
69.5280370620458
68.3358436440935
70.0074831103904
70.0973724552172
68.3160965104627
69.986508522638
69.469635107114
68.081037617746
69.7521836102366
66.4026501691793
69.6127367789198
70.9293929476877
69.727156746215
68.9732378362098
71.0129780733451
69.7089530598179
68.223970590745
72.5905067477484
71.6444813788173
69.6829324915045
70.3638855831654
67.8003859240345
68.9950188485951
69.9138461493842
69.2077491001321
70.3384046798041
69.9032628407718
70.170788424427
69.3107468858155
71.2476433440048
69.2218178683763
70.2804142519612
69.9961551076257
69.9045603074842
69.866891976694
69.6794808829216
69.5432971455242
69.71580640283
67.9042443921507
67.6099719739121
69.8359303817055
70.6237239587447
69.8816700188999
67.3134749733212
67.9827121323251
70.3867997278851
68.4107833277987
68.8004903542127
69.9634599212092
69.9450151899059
68.2519159472463
69.6804639764547
69.2646691831104
69.7750151882377
70.6137795617469
70.5366802382465
70.9443554369583
69.5993126892214
70.1829750733843
69.2065294368416
72.0009860107983
71.0470958297803
70.081961027522
69.2039557590075
69.7817104989576
69.2355060587672
69.9974917513656
69.9751482243984
69.5161214314082
69.6605232410455
69.1582123670257
70.6998680194628
70.2547853912059
70.2000077427479
70.9850676364772
69.3934650923694
69.3090528795228
69.7964338973091
69.3056482263449
69.6282105659296
70.2712365692898
70.0958808710087
68.083777417419
69.7116882925441
69.3956837771442
70.2665798598707
70.3798255006547
69.2852834161693
71.416683937765
69.2582197072004
66.9240629890057
69.9961705510488
70.6094206683655
69.6734814703651
69.9181426860409
69.966157375988
70.7266536759664
70.3777375029212
72.3009658693808
73.8513284481799
70.3731387154003
69.3041066874396
70.2371634613122
67.1323738303794
68.4854544294583
70.5968464816815
71.929519887462
70.1385214334144
70.074884402592
71.2098748716662
71.6807140151596
69.0406287447349
70.7338586128431
70.4912216455427
70.0133096714519
70.7237797278674
71.4322417962768
70.8297540538122
70.7120175735435
69.0348019320524
70.8315645023536
71.9010047346678
70.8596347501575
67.2620153021186
65.4438686373823
70.1310200089296
71.7617856003884
71.922098779072
71.4231224364139
71.1199677130758
71.6960609011801
71.2846834186561
71.2726693697731
69.6007362339658
70.3266957279482
70.970446985752
69.3397125700263
70.8077592298825
70.8149620631269
71.5189822044319
70.7701576617074
70.8330134162004
71.520401550527
71.1031425673663
68.5531678270252
66.6153707868096
71.4227491103451
71.6306653754935
72.2529371383325
73.1623275059449
72.4014158747325
70.6703510110401
72.7152921245699
71.7751393194018
71.7030583746043
72.1898372473736
70.5516839267223
72.1647896793996
72.7504941381275
71.9247191198015
72.2030469377034
72.7533452046438
72.1980542634065
72.3754193734036
72.1463630920621
72.0967553955355
72.7435648828827
73.0252485022866
72.1720783721154
72.4161224345663
71.8148705116194
72.0867389302185
70.1333596143964
71.973871418789
72.4083102369839
71.8793774776856
70.4292140998854
71.7915274721269
72.6383934352745
72.5447743856876
71.6339153315682
72.3806323454817
71.9686439498731
70.821369169865
73.3046669167863
72.6188216354438
72.5931094176549
73.5589666564504
71.9929275059857
71.1853478178679
70.8654850086651
71.0307866266897
71.2842297564803
72.0867609193377
71.423885498928
71.5478052865776
71.2119383433167
71.2021024788326
70.0125956512058
70.1015990930074
68.7353339640778
71.1789363596711
72.2496528489873
69.8520761402276
73.2815046173317
72.8964010442289
71.8956755679233
71.5692908088967
71.4623111072842
71.1803187460549
71.2387092341046
69.8583629499822
71.9190659454859
70.6118159873328
70.952146984671
70.7919019154944
70.7752862014391
69.833902693855
70.074704638772
69.3573726661542
72.0312869873197
70.3735039326334
70.2780083441283
70.2315149518734
70.4473244072045
70.2365001100985
70.9411892316571
69.9446856219815
70.1345750198493
69.8941997192945
69.3716354459994
70.5315198730549
70.4637389545211
68.8674479867629
70.351157446531
69.6347589216155
64.5586183427388
69.7356012486079
70.0386549170472
70.4408038401514
69.1032632310584
70.4154473613378
70.3960979789947
71.7995043823909
69.8399405668843
70.1317121469122
69.1797716861655
70.3111745109537
69.688737606323
70.4013615635919
68.2356593997116
68.6847220454192
73.8295862813942
72.1155989047215
66.9173338614798
70.9042819681797
73.63315844443
71.2216852716859
69.5743224668695
67.8338646139539
69.8902242656463
70.4617235856231
70.4070201009369
70.5197996792337
69.2398092555245
69.9816519906262
70.3041312835265
69.551418369813
70.419596013076
70.46805671703
70.8453130084977
70.8151848299088
71.0898400273895
70.3521408354396
70.4291048845158
71.7103313170122
71.0176149726273
70.4382298612902
69.3243509467348
70.6020031334451
71.0633792802573
68.1826271995516
72.30478571399
70.358693930439
70.7055586570979
70.7542938006103
71.1847635152927
71.8544957380578
71.9976088521614
71.738230692366
70.959857490943
71.8596387329886
70.5958876664724
71.7732269682998
72.1479346342719
72.3434156596383
74.2139390879493
72.4300025295085
72.2429360682457
72.2142754786875
72.155483579406
72.8090784743008
72.6174542727215
72.6626321243732
73.3623473264777
73.4323519210972
72.4821604721251
72.7854115190576
72.8492864184017
71.689229002707
71.0400827224823
72.963812071889
71.6805019161611
68.1793928133815
71.0626020096093
72.8471976751026
71.5362955675525
72.5242014368854
71.9617610625736
72.3127660756556
72.0007792626477
72.209509623208
72.7522021037229
72.037721176154
71.9409338397717
70.9560744938729
74.3918303308067
70.4667253344016
71.9803161855445
73.6224595518409
72.3484234774967
71.8390620235753
71.4227480900482
70.4051517348828
71.3374629404978
72.7563464058823
72.4890799804239
72.4380565920488
70.4566692891182
69.8696369183985
71.7476516485545
71.4020176572275
71.9715266533704
71.9968053301998
71.7435614118208
71.9621846068004
71.2485764835493
72.526906591052
70.8941544755727
69.2738594949006
73.1976771761862
72.7125056209526
72.6889193710055
71.2379281999729
73.1859884449518
73.2287126076427
73.0821712515387
70.5303915247318
73.3112386084013
73.4391657560432
72.7464970629826
73.4946974236488
73.7617164239694
73.642260450299
73.3323507506671
72.7157224494347
72.8701080884254
71.8375348099712
72.3945119731285
70.3509222018977
70.4269191769814
71.9693125810596
71.2621636350086
71.2428224549849
71.7675321323786
70.0768395986304
70.4768000470251
70.4940841056167
70.9099132983441
71.8595378707637
70.0781902887616
70.8897754391906
71.2256490782619
73.3481958873614
71.8140134008002
70.4203835677494
70.6678671699306
69.7547527181722
72.5852078830716
73.1587039715192
71.1534963988059
68.3072142271272
70.5320543092501
71.0451770270195
71.3184845176437
71.3493632072671
71.5835357633853
69.6860516388578
70.0719563548347
70.4832396607055
71.3591627614752
71.5900629371533
69.4946375025637
66.0772028637997
69.3058190018445
71.2951343359064
71.60538642156
68.6855106470533
62.5585704918099
71.6167501785234
71.7554541032589
71.730880883764
70.4327446352085
71.508216334235
71.6360468546156
71.7722268605532
67.7862435615457
72.6944160819499
73.8829824878823
71.4171727211742
70.7071961941746
71.2297412365089
70.9333858460703
72.236951254907
71.1109131776968
71.6838035924715
72.2980595852136
71.6189944814007
71.9400563015336
72.7847450940376
71.8412156897862
71.6796468769395
72.0954690251446
72.7577338063544
72.9373376542932
71.6169929181847
71.2182729253712
71.773969010674
72.1297576465398
72.3081940325795
72.1004636972996
72.4611205111514
71.5146063376122
71.1479925881505
71.819422887886
71.5814872495682
74.8352022026847
72.0396877744808
72.1560368277456
71.4451020375555
72.594846175584
70.9145753625612
72.3099331811596
71.804128479308
72.3050686178944
71.6104031346176
72.1337845219283
71.9494143360985
71.4820217118061
71.730270710231
71.6957972249044
71.3602556143149
72.5224840359974
71.9516856057277
70.8870681237473
73.0949676165239
72.0552562169732
70.4312988418978
73.2331245934123
72.0183519038008
72.2265189058179
71.8016965864318
72.3564501459217
72.0055632469571
71.4377696327951
72.4364615582531
70.8636349693966
71.499748606961
72.022263760021
71.7809282862729
69.8323056166648
71.2515243355291
66.9828975933471
71.3497220311194
71.2987221189506
72.1770567782615
71.615886010548
70.8305610495689
73.6413443077354
71.6333802027334
72.8103593062843
72.0720867726826
71.3814618399493
71.6477450888143
72.2764766508145
69.8937587238562
71.7010760390187
73.5565575861865
72.3044982846783
72.0595544211104
72.1231888588414
71.683237641085
70.2032116644216
72.0988013197876
72.9395522984899
72.0411132418391
71.7549345488413
70.3225475138939
70.0949144059942
72.6479532444473
71.8084446389288
72.4829466368742
71.0888346208367
72.5563663238862
71.63029851423
72.0931113321617
72.0425227679969
73.5671815109694
72.1005610183652
71.4984844391767
68.6078448620647
71.4463955149267
73.9468766555526
72.3931101922378
70.5881630624027
71.5074918732402
69.7853348738791
71.0306536052743
72.676457102515
71.425549104954
71.473393959506
69.4628121201793
72.015481128168
72.2033174587494
72.485736799187
72.4819212640035
72.4080897420318
71.9363392970508
72.3855361597414
72.2991640204794
71.8222722625268
72.2639075054722
72.5236471977036
72.3811335450553
70.8607772255857
71.8028289026895
69.7914698286155
69.305114182011
73.8364251584786
71.6077898250122
71.6880667154356
72.4484574352559
72.102931796283
72.0993487935891
72.2363418617117
72.0992784867002
72.3635610406472
72.5704154987089
72.2111543065725
72.3103051183611
71.1949570079184
71.7341765342649
71.5934446018878
66.8747469104991
71.0684181821334
72.4572005410791
71.6882943659033
71.5211123281564
71.2626230611826
71.8190595780487
73.1444180746018
71.379847628808
71.0739017960207
72.2074569402331
74.2162833159707
72.9840404991092
72.2947100324813
73.4666047227278
72.6999380806011
70.0000392204611
73.2513420264712
72.6634278011578
74.2284986269854
72.2768169736848
73.2459433373492
73.2628725532492
72.6901783318115
70.5374124933568
72.9893996538058
74.1789008531744
73.3103549539929
73.3006726580094
72.2676252775901
70.3073887435511
72.041017807855
72.1817135729742
71.5029753328915
70.4679961694645
69.0441943321278
70.0502951300808
71.9944348380941
71.0068568417559
70.0615245369532
69.7473879262126
72.3770101200498
72.7229503317612
72.4655787548708
67.5013705093686
72.1744994435321
72.5693042832628
71.924951072517
72.1365617389552
72.4717324361385
71.825515345116
70.9588221726555
71.7193226797198
71.9845749528578
70.2863601933852
71.5910322028957
68.5087305816151
70.5315677868741
69.6735887229556
70.9237386213535
68.1077482225565
71.1752293834408
71.545304589337
72.1390171140133
70.7836574175258
71.3274080545323
73.1837166740385
68.3716587019112
64.446514601452
70.5661509756015
71.179315570662
70.7675028584969
70.5698017741062
70.2505170446036
70.2872509094766
66.3236708335815
67.3017895590135
69.4339135450495
70.3284465191241
70.623940079632
69.2354290819968
70.0401507241889
70.8674633128142
70.5606644116013
71.5755494918626
70.3612594631608
68.0247875482863
70.6341600091449
70.5280871651039
71.0177621734714
70.553541891526
70.8435955381562
72.6676328316304
71.4202133468917
71.2121017057514
71.118146862233
68.9060675229734
71.2498778706226
71.1657235282335
72.6080768843125
70.8809754438972
70.7315759800277
70.5248396179428
68.5541311122334
70.8432033601994
71.339081341176
71.7654148390193
70.1407599601786
71.7466671471152
69.2572507360355
73.7877073519004
72.6605090624368
72.3132083120346
72.0068430773262
72.6462008664294
72.4432475943525
72.8629356481854
72.2506069311414
70.9850396447174
70.8989120867026
70.91544057249
71.7970363314289
74.0699768468539
73.1962037809067
72.0130618918593
72.1248607644137
72.441374832669
69.4396494547789
72.1133058342419
72.0657551795163
71.9956505534623
70.8935437004625
72.0959340911664
69.9535933075592
72.7727136163474
70.5177883104847
70.5395713907539
70.8773415183775
71.3916209265148
72.2865663905713
71.5536893774872
71.5442984322842
70.3642282388488
71.218505433945
71.0446741706403
70.6412460832533
72.4838820682878
76.2797799041949
72.4380022899308
71.9500200780738
71.4861089277524
71.4930200275207
71.6833314275584
72.0784313821536
69.735254832007
72.7087786538062
72.4900118339977
71.6819122783109
70.6861342294338
73.6577629692946
64.7962331139515
67.8115707023442
72.4291354399601
71.7055316528013
72.1931261230419
72.2896488169743
71.716288531189
68.2526989200285
70.1344015096382
72.3642921944054
72.1779667782618
70.2443206158687
73.0156199167352
71.9116954446149
71.0495339215841
71.746430991628
71.9992185449189
71.7380680390926
71.980920651926
71.685043696927
71.9131278338505
71.1905777107329
71.6129236260193
70.1340599861214
71.4237072798279
72.4291147041313
71.7518069402609
72.9647862698343
72.2301393852411
71.0486765866876
71.1543196157431
72.1099912759692
71.5734743639748
71.7617961179727
72.3565986836449
71.4649225251697
73.6840395214265
72.236533477356
71.9625026329729
73.7621313932027
71.9310300819626
69.2221146051842
72.180925697584
71.8301346725322
71.0080281055272
71.0338768721183
70.6219421706706
69.504781624297
72.0920015771638
72.0296726962567
72.03189167206
71.0204646689697
67.9292235256442
70.6773992427646
71.3443308742259
72.8303789006403
69.2529666503953
71.5728934014269
71.1519729843288
71.6610309150786
71.399334928318
71.7126593276784
75.4237841320731
73.0202439928338
72.8457970370955
70.8021093620457
70.2939754569219
72.5394176873946
73.2256323635406
72.6857668929658
73.4868794047983
74.0195916500294
71.6075595553629
72.2478479410889
72.2375840325335
72.4631037678702
68.7869289053299
72.792702670076
71.6350604109395
71.623198923689
72.5364872580426
71.7074728309827
72.7602436965193
71.9848010627327
71.4699749712412
73.0399487682903
73.4685936405534
68.8969787504168
71.8992081462864
73.9158822283153
74.0155373149136
74.8133909219972
74.6660998316958
73.7117751361776
74.6653016063527
74.3666793556272
73.6727637138591
73.9924578964043
74.1236317376133
74.7168741515467
73.6766714864193
72.8486606570051
73.8032235609181
72.5701639963618
73.5706239335849
73.9665006987961
72.9963184315708
72.1130923745978
75.6669243654248
71.6413017348457
71.6499401935807
73.7606626854824
73.3290707978451
72.5175442348459
72.7810006823518
70.2969065017673
72.4110757329497
71.3114476186716
72.5618136089445
73.5425246063513
73.5171095084355
72.459073311816
70.386964861212
73.656138746285
72.6136161597797
72.6832295820693
75.8493549041807
74.0876791362842
73.9579565208635
72.277514943395
74.6566158607108
74.688865351917
74.7347975665184
73.8354004575332
73.7325203324698
72.4576039357081
71.1041692383399
73.4238137023688
71.640878663112
72.348571150032
70.9041707376356
71.9877116140107
73.4804249232545
73.8645127265739
72.4401931047885
72.4385426496382
72.4156989453804
73.4056381171971
71.9662480280167
73.100559016206
71.7848159760894
73.9857838290552
75.7852543489222
74.1735987801893
73.5386432784777
71.2616084944767
73.8589428449144
73.3424081007913
73.2422207826593
73.8338104458396
72.4845871585049
74.5050653375918
76.2957141284679
76.214461372283
75.1243217954185
76.011242188685
75.8008205044561
76.5662580377603
76.4212967189077
75.4232087751684
76.4639433737591
74.9844158598211
75.3948440998248
74.4060842053599
75.6488726289091
75.2920517269677
74.816617986726
75.2607018564832
75.0024267955516
74.7858957366777
74.1859621774478
73.887143207522
70.9861119862867
70.4481248647608
73.0135680302009
72.8170678382775
72.8501013825085
72.9512593368728
72.1438735764648
72.2187225303018
72.3907920654415
72.4965000550245
72.3469166986507
71.8899909574993
72.4652443373944
72.6041011655176
71.6434525460971
73.0849266851142
72.323970457795
72.02222793236
72.6953234307967
72.685545919815
73.4982654211816
72.9597140054442
72.2890131586812
72.9345548525507
73.2068163397292
73.8817729239947
72.2252192855633
71.1357584369707
75.6117509435541
70.9355817387102
72.1837292167244
76.5557072805556
76.088648406165
74.2779270828223
74.0355666133322
74.2060327781875
73.8489025016994
74.1837582446744
73.6891516827503
74.0964134066719
73.7635948857542
74.0986836398055
74.1753456365919
74.5574315509857
73.9315920966216
75.4789719344617
69.5954252378151
75.0062485967062
73.9636769281107
73.7627708097486
74.3831924375862
76.5000291762848
74.1910995172151
73.6487774792281
74.1877648459793
73.4312743914325
74.3599895232555
74.1723450327583
73.9756576955658
73.9028779967291
73.8752865700527
73.3958697659256
74.1796663303574
73.5810794609933
74.0497952627649
74.3898432909325
74.0347379100143
74.3981498042857
74.3770061398629
74.5301013889646
74.7226891430783
74.8621820088422
74.8875459209478
75.0316755858705
75.1377774480055
75.2027419550516
75.1535064972627
74.7900716611692
74.8186525290271
74.7100856330709
74.8028523504908
74.6965546515954
75.2208440574753
75.0261741054974
75.4958142935969
75.4532659958734
76.1074691852709
75.837975316827
76.3142873399501
76.3436898795807
76.3780309852677
76.632495120131
77.2065901938382
76.3181882789024
77.8161418376031
78.5407333184137
78.7473809605349
78.9957696548009
79.2000359151584
78.6375825799923
79.3751039824725
80.43618999185
80.6023910912045
79.1123516515681
79.2530481424043
79.9280817691191
80.1072901146859
79.932656636686
80.4827750058214
80.8356206162547
80.6723317993143
80.2033753339411
80.1235621058147
80.3082210762669
80.7468194484458
81.0812290162415
81.2098123429074
81.1967333386591
81.325652262684
81.4288185283669
81.3094731171612
81.1420128091336
80.8005523470922
80.5053227313452
80.2959375187348
80.04166250399
79.7182888699781
79.3961444662389
79.1960089753802
78.874201089432
78.4866770303016
78.1045499678061
77.7553683696252
77.7168988671038
77.7878068123409
77.76032799098
77.7786482268464
77.7557463536599
77.7557795479576
77.7353895600704
77.7660315628905
77.7658392328613
77.6376420082724
77.3202475840471
77.2894951640321
77.076185050112
76.9490884192199
76.9701593752651
77.2185751899952
77.354616157294
77.4199223747266
77.6168883186207
77.8264556954751
77.9541392641396
77.9445324029888
77.956589558004
77.8350222757171
77.5781834766096
77.2490961390383
76.8261864818967
76.3573400439897
75.8828170768097
75.5446737518989
75.2924213611111
75.0250739978194
74.7487584298184
74.4974777509805
74.3256908057587
74.083445313984
73.8433364020199
73.6511515113574
73.4721084735223
73.1678268873084
72.8182754867528
72.5621408476502
72.3569250288421
72.2604447093222
72.1917214514496
72.1802903677411
72.1395933466568
72.1153840594395
72.2323136208803
72.4884546311587
72.7968574279663
73.0196469575014
73.2301682068142
73.4110753114952
73.5383590925369
73.640839279623
73.6451597736185
73.6797658449461
73.7846774177974
73.8425063758482
73.9903008246326
74.196041089388
74.3668160732352
74.5696397250078
74.8185659618587
75.0981158366662
75.1401642714451
75.2529031411726
75.570703096206
75.8275505801724
76.131551208477
76.4731476300624
76.8822151843877
77.2982769845341
77.6384022793952
77.8695247294112
78.0422925976507
78.0394701118844
77.9795711753411
77.8860967393122
77.7778791690474
77.6740109363589
77.6549654826108
77.6938327207428
77.8215729819351
77.9401425607217
78.0273044976321
78.1151227332433
78.1211484509134
78.1878482557906
78.157633434564
78.0009091835112
77.9653338088974
78.0365405030306
78.5140208317607
77.924759482576
79.0540206246955
78.029252147291
77.6522704556422
76.5346639424353
77.581655903856
77.5017770586846
77.5088115114745
77.458014820524
78.0251404069389
77.9110042872771
77.0075756779259
76.8949837877492
76.2001926594801
76.874002280021
76.2485564131276
76.0571380856809
75.6628287730991
75.3317716709355
75.804408725363
75.2446878700688
73.6734603105314
74.8322038139812
71.11969749117
76.0253163171227
74.5041682945214
73.1309695169915
74.4993379569316
74.3968770233365
75.1893284560935
75.5332309331568
75.9110959147418
76.5159514637252
76.699650956654
78.8032004950926
77.8381089045122
77.0788970116934
75.569602991767
75.6251293779045
78.4659681486016
78.4104938168476
80.4695885952795
79.74389523258
73.9488634568427
78.6945871859309
74.6483755316584
75.50513820503
79.4471024749985
79.5039324596129
79.5508468992471
80.0380550537057
80.304233090158
79.6857992125385
80.2284768726977
77.1402183681531
79.1102143578891
77.6533549976593
80.5138716214747
81.1916550864854
81.0325274195941
81.2750608444097
82.3494263007725
83.6730420582861
79.8840404699911
82.0059790386917
86.5101941072234
82.9424386440911
83.4158602759445
83.124963800253
83.3440253625645
82.5929387505602
83.2983778661477
82.7233814328627
82.4771352085652
81.4303084230947
83.8332724562851
82.9762860342603
85.1953812794342
80.3708928185808
83.148706436504
83.3973590138714
83.0586820406606
84.0147490304622
83.6863785352467
83.7129914493261
83.1849624399501
83.4116373265722
80.7019871156142
83.319055709375
83.6569250640853
83.2084259852387
82.3263437741963
83.7313766612045
82.6670929776199
78.4928246602069
83.0794960393603
80.5065543217996
82.7658265523407
81.3277169585774
84.0116633942004
82.346398384357
82.0022798606083
79.6466715335333
81.6766262079817
82.1379216815379
81.5940025529559
81.7114061310949
81.8743231197446
81.6370309962759
82.060386050963
82.1082851123907
81.7747498144198
81.4533804455006
83.2733647376594
82.0760444520613
86.6908901877963
81.9968142512308
81.2099210004282
81.3664655260274
81.9481514715169
82.6073896410529
80.3374392760282
81.4609192889105
82.2835673393979
83.2565212974127
81.6179172228728
82.4528255744135
81.8256276654348
76.3237037458277
81.3449325442909
82.1788130716069
81.4297560011613
81.3939413217922
82.1423592857181
82.8940760278971
83.758372690324
82.1588759663335
82.2669720536691
82.7234854015774
83.1769387887019
84.2502340641801
83.6657699964664
81.646156859113
82.862422604234
82.5778378120134
82.818133629528
83.4446934232504
83.5649381119075
83.3571829739709
82.9584737246744
82.2608515219679
83.6954868982559
80.5991782229413
82.9645402808657
83.6838951976421
83.0555281136183
83.3484250398847
84.3422816457811
81.4870777769922
84.3148286871447
83.53374279826
84.2295312820454
84.129407586167
84.5185968727379
83.9205520913544
83.4669289085232
83.0776335619387
83.1847102594489
78.2341979975543
83.4630808010089
84.5700292529112
82.410738432791
82.9490142445578
87.9148351785349
79.7314608712616
82.5682650320619
82.2018523876136
78.7620517398434
82.6756805910642
81.2521125605411
81.4157940644135
82.8100114643357
82.2148594283922
82.4144315355619
81.4013670242673
79.8222804792863
80.0844945943084
81.4716241028919
81.4488467909314
81.7212925332932
82.2866946892553
83.4972746723954
83.0389022129245
82.04463969543
82.5260482316272
81.0343112614222
80.4738313250906
82.1962134494643
81.3617195319586
82.6214391427593
82.1788683996558
82.7855165509251
83.3808339720942
82.0983243952979
82.2911348611289
80.694102844322
82.1807285350385
82.5244625096282
83.1523483380769
83.2899855092515
82.7861053367538
82.382496815424
82.1520758691619
82.2011294079989
83.2626640595269
77.9095946741431
82.0151598752287
83.2682048618762
82.9242483132068
82.1483198816045
82.6194668740027
81.9776428430087
82.5056480044898
81.9390905495667
81.5676163454315
81.6576928365635
81.4428815744071
81.0725818067581
81.7048606504366
78.4612915706966
83.7003711254455
77.8889610619411
81.9917942380579
81.6194510137809
81.4706320868161
81.0030778310039
81.5093419266796
72.8435511570462
80.6171782844883
80.6719398838155
81.3656465084739
80.7334206931267
80.9664626370081
80.4541290383426
79.3985147073411
80.70715731529
81.7567309714524
80.0952772461898
82.0939117048044
82.9960941997124
81.0385302932639
81.8148723968807
81.8843455291933
83.2655844127008
80.6365843327986
82.1674592442529
84.2400803457266
83.3188684935295
84.1818380596842
84.1863995683298
86.5702095671591
83.8677453770185
82.1012822086489
83.8152171184764
83.7929839372186
83.8031889942002
85.5497842064368
84.1878172486475
80.3624216040226
84.4203037258022
85.0493524094159
81.5364314997518
85.1013715240227
83.3163780035941
82.9740912714909
83.1664390668883
83.5722164131343
83.680542109229
84.0386978497179
81.1260208447
82.8981537704796
83.7260595003916
87.6189336477597
82.5053829794595
83.2441890181128
83.0347251023179
84.857635403307
84.8768624913588
79.3751742018589
84.0840594829772
84.7807545126997
84.1461264527446
85.945063113741
81.5928226639871
83.5112185802922
81.5724787170346
83.7810148415855
82.9083041485557
83.1837410240268
83.703477417877
84.0603996240415
83.5335728458449
83.478742470986
83.0504742942939
92.9854339761631
93.7627091092634
82.442978640842
79.1950303053426
88.3026149941051
83.0704745684533
83.4538076238452
83.8264430755093
83.5649430507659
82.8539163020575
84.0110693596105
83.3374538305161
83.0470043708445
82.9175734990449
82.4356977069025
83.2196244842494
84.1010693998693
82.6477795294534
83.3864207030686
82.5174760630854
81.6380400356204
82.8815088609551
83.3934014037805
82.7288854458918
84.0852698689334
81.8872145110374
84.784251092701
83.154257706614
83.8394251352226
84.0118474548964
81.7990743037035
84.2942387498029
83.0912593624003
85.2150392302233
84.0385344936416
83.9402451299887
84.5808045078675
81.5706472645611
81.7686850847648
84.0557531157653
84.3069175522206
84.0797699828934
83.3325352656152
84.235497584114
84.3632835981655
77.7952470074664
84.1565298774791
84.9129069338112
83.6526850688582
83.9834140994894
84.7803985354548
84.9475203677547
86.4813731741233
84.4541788868223
84.0705818048643
85.0915034559617
85.1006144392053
86.6658927259943
86.2198488673346
82.4235703767001
84.8135543118135
84.6185094623504
86.632983716231
86.8352559556938
86.3330216332919
87.2343398954751
87.6287187999733
87.5815118813898
88.4301733425034
87.504942236513
87.4888951765385
88.2242141510514
86.2625297913319
87.0556673156047
87.3725795311301
87.4456060992922
88.1812972961192
81.7966741569863
88.1256302229862
87.6693304092784
89.5133405707199
86.0974138056638
87.5019775074189
83.3603092802789
87.6621458731384
86.0933484963255
87.8294944691946
87.0524277725247
86.6666007598246
83.9648946948345
88.1171633292446
88.0851093022147
87.9149776777113
88.5150504494871
86.2946725686463
88.497146039044
87.7214681852016
88.9554286781458
88.2634005854275
86.0227376454891
87.0001917068402
88.0329485919943
89.1183978808333
84.8988950540303
88.7706399464246
88.6940313074579
88.3656180664305
88.9376424025129
87.5181476179438
88.7418111770042
89.5709550131344
87.5591446662906
88.9875661175262
87.8958465821967
88.9387568603099
89.4383274989548
87.5335367891505
87.0226031588606
87.4457172490714
87.7067456932827
86.9451450539705
88.6932666709168
86.8056110992043
87.1216687459998
84.6719419797207
87.0289572194569
86.2440454799102
86.5291114816366
83.9016666466817
86.5127439969127
86.4492239045467
85.7783455401632
86.4031779709804
87.3145244840268
86.973953690199
86.3583512760334
87.4012978422125
87.3368689109397
88.0381119552491
88.7339738197
86.7818072708885
87.4852351616896
86.1453937057994
88.1639783921021
88.5481140266281
82.8769670371796
88.5839650434655
88.0834081360006
88.5795162131679
93.3565429312541
87.3368715347899
87.7548071024779
88.4564446874402
87.9797342559554
88.2071056716201
87.8744834894746
88.0774408822563
88.3082553714457
87.7823996572162
87.4269442664609
86.7563749650391
88.0652627642054
85.5452689970251
87.252901535853
82.0941755100958
87.1903965090617
86.8348549570452
88.1223013674415
86.974064285544
86.2208766513374
86.5071618402164
85.5566775460981
86.7068744460745
81.812907576303
80.4755833798556
119.798967779101
76.9374131283252
91.4922622334634
69.386996868381
79.7198908228742
78.1289936660355
71.660048896184
80.1643027054486
70.1072958031212
77.7136953767466
68.7170758684732
74.0141784718791
66.7881778377323
71.9157149278237
67.0048903341969
68.1284192026499
67.4042758377384
63.1876938649287
66.5296638886166
66.5830320998359
64.5841145995907
65.9221751608861
64.3939841189456
64.8032891471569
63.6210117175027
63.1080051410276
65.1605458987421
63.4023092505308
64.1976908016773
65.0191244596752
65.8590289015392
64.4409741089379
64.8959447379307
64.4407166644397
65.3283966533895
65.6240500414424
65.4196427217292
65.5642261615951
66.1985085145356
65.2078542194527
64.7948474089513
63.6845962322329
66.3006929084264
65.5789230951168
65.815014833889
65.5465159481755
65.5831648570341
65.6198246542227
65.5374140427301
64.7722041710486
65.9719581967432
66.5050025715501
65.2353356340278
65.795150048768
64.842191758468
66.5267407947294
66.2387809720936
65.8015615899281
65.5295284301274
64.266420957728
64.6535363407534
65.2949418214777
64.9072069670434
64.7180819532583
64.521986626478
65.8065714474491
64.6306603854563
65.6480232502473
66.6523354774566
66.7947772026426
64.6386131533163
64.6944855695935
63.2653156175064
66.0315011156334
67.7153705911645
66.0392188727939
65.2743200824245
66.3290170833885
65.5929365577733
63.4430607629411
66.012311022755
66.2811439309627
64.6285390249201
66.5102621557174
66.3591668555037
67.1238183397819
66.5081358217851
66.7504228893867
67.090886625734
67.514443761293
66.8734531020003
67.5312170691881
67.6853383948718
68.7389123180233
69.7040934349974
69.8942818357075
69.1328216937004
64.8147361331889
69.3421988165752
67.1677160475086
68.1685003423147
66.2635715869142
69.8138889964645
68.7808247178117
67.3147583804084
68.2297503889656
68.6153847394244
68.1298205489547
66.2645660108382
71.8858458665904
69.0656386134798
67.5247324611159
69.1462294963702
71.5718943476107
70.2244322739908
71.6960461973267
72.2637503049702
71.7182841702411
70.8759195644244
71.2526858462013
70.3919244206647
68.3017089656324
71.2798977174949
75.9090083235049
72.1347544858217
69.4796953430574
72.5545953097511
74.7495704564215
70.6631913678473
76.9105738360878
73.6806892971409
74.5763761760984
77.5328176721144
75.2644115731387
73.4424021979767
92.1086962910934
79.7098425926867
91.4342767997984
77.5841579894556
86.3656172161272
90.9574473835578
84.8880332694934
91.3045949473374
84.4461020895203
91.3399874340951
91.2895055948209
84.2819680627738
107.127425530522
91.2895055956603
91.2895055948209
91.2895055948209
91.2895055948209
91.2895055948209
91.2895055948209
91.2895055948209
91.2895055948209
140.303334474352
79.0641498788905
87.6862376470431
74.995050823072
75.1713608148188
91.2919914871735
91.2895055948209
91.2895055948209
73.6469667784889
91.8985030020261
91.2895055948209
68.4671291961156
63.6021679976785
101.293760546693
91.2895055948263
91.2895055948209
91.2895055948209
91.2895055948209
91.2895055948209
91.2895055948209
91.2895055948209
91.2895055948209
91.2895055948209
91.2895055948209
91.2895055948209
91.2895055948209
91.2895055948209
91.2895055948209
91.2895055948209
91.2895055948209
91.2895055948209
91.2895055948209
91.2895055948209
91.2895055948209
91.2895055948209
91.2895055948209
152
91.2895055971666
91.2895055948209
91.2895055948209
91.2895055948209
91.2895055948209
