3.040000000000000000e+02
2.939680122126267747e+02
2.939487347119549554e+02
2.939487347119549554e+02
2.939487347119549554e+02
2.939487347119549554e+02
2.939487347119549554e+02
2.939487347119549554e+02
2.939487347119549554e+02
2.939487347119549554e+02
2.939487347119549554e+02
2.939487347119549554e+02
2.939487347119549554e+02
2.939487347119549554e+02
2.939487347119549554e+02
2.939487347119549554e+02
2.939487347119549554e+02
2.939487347119549554e+02
2.939487347119549554e+02
0.000000000000000000e+00
0.000000000000000000e+00
0.000000000000000000e+00
0.000000000000000000e+00
0.000000000000000000e+00
0.000000000000000000e+00
0.000000000000000000e+00
0.000000000000000000e+00
0.000000000000000000e+00
0.000000000000000000e+00
0.000000000000000000e+00
0.000000000000000000e+00
0.000000000000000000e+00
0.000000000000000000e+00
0.000000000000000000e+00
0.000000000000000000e+00
0.000000000000000000e+00
0.000000000000000000e+00
0.000000000000000000e+00
0.000000000000000000e+00
0.000000000000000000e+00
0.000000000000000000e+00
0.000000000000000000e+00
0.000000000000000000e+00
0.000000000000000000e+00
0.000000000000000000e+00
0.000000000000000000e+00
0.000000000000000000e+00
0.000000000000000000e+00
0.000000000000000000e+00
0.000000000000000000e+00
0.000000000000000000e+00
0.000000000000000000e+00
0.000000000000000000e+00
0.000000000000000000e+00
0.000000000000000000e+00
0.000000000000000000e+00
0.000000000000000000e+00
0.000000000000000000e+00
0.000000000000000000e+00
0.000000000000000000e+00
0.000000000000000000e+00
0.000000000000000000e+00
0.000000000000000000e+00
0.000000000000000000e+00
0.000000000000000000e+00
0.000000000000000000e+00
0.000000000000000000e+00
0.000000000000000000e+00
0.000000000000000000e+00
0.000000000000000000e+00
0.000000000000000000e+00
0.000000000000000000e+00
0.000000000000000000e+00
0.000000000000000000e+00
0.000000000000000000e+00
0.000000000000000000e+00
0.000000000000000000e+00
0.000000000000000000e+00
0.000000000000000000e+00
0.000000000000000000e+00
0.000000000000000000e+00
0.000000000000000000e+00
0.000000000000000000e+00
0.000000000000000000e+00
0.000000000000000000e+00
0.000000000000000000e+00
0.000000000000000000e+00
0.000000000000000000e+00
0.000000000000000000e+00
0.000000000000000000e+00
0.000000000000000000e+00
0.000000000000000000e+00
0.000000000000000000e+00
0.000000000000000000e+00
0.000000000000000000e+00
0.000000000000000000e+00
0.000000000000000000e+00
0.000000000000000000e+00
0.000000000000000000e+00
0.000000000000000000e+00
0.000000000000000000e+00
0.000000000000000000e+00
0.000000000000000000e+00
0.000000000000000000e+00
0.000000000000000000e+00
0.000000000000000000e+00
0.000000000000000000e+00
0.000000000000000000e+00
0.000000000000000000e+00
0.000000000000000000e+00
0.000000000000000000e+00
0.000000000000000000e+00
0.000000000000000000e+00
3.040000000000000000e+02
3.040000000000000000e+02
3.040000000000000000e+02
2.939487347122535539e+02
2.939487347119549554e+02
2.939487347119549554e+02
2.939487347119549554e+02
2.939487347119549554e+02
2.365519021019956654e+02
9.241514827085157435e+01
8.512256450142849928e+01
9.567937004887497210e+01
9.925977830173181360e+01
1.035491237625041521e+02
9.394740187214912908e+01
1.095970291102434970e+02
1.020371889182285656e+02
9.661582718237907841e+01
9.363476713629849257e+01
9.040349637786628989e+01
9.008419390700832707e+01
8.714553475363993584e+01
8.780138981377808705e+01
8.721354837608214439e+01
8.477038651779179190e+01
8.574337300953571628e+01
8.516705503227098006e+01
8.280397322626467371e+01
8.357264851888452029e+01
8.306632583791709123e+01
8.032927182961522306e+01
8.121157443696920097e+01
8.244947613613197746e+01
8.151850868521678706e+01
8.053496504179983617e+01
8.148104134668352572e+01
7.558839036563243496e+01
6.595697368311643061e+01
6.223208708772216369e+01
7.266581953005363914e+01
7.123061669040433230e+01
7.845119933486458308e+01
8.103250515226555706e+01
6.875858787541261563e+01
9.758339926848967139e+01
8.667889180005948901e+01
8.012275205917218557e+01
7.987736258243575094e+01
7.982336652120076792e+01
7.939293907722368715e+01
7.634336616950531607e+01
7.901939229720174751e+01
7.902217368221349147e+01
7.896077535866184860e+01
7.889937177874867302e+01
7.883796293900972785e+01
7.877654883599051061e+01
7.856354822504627577e+01
7.597538011282551906e+01
7.807653815220984939e+01
7.807095603534118311e+01
7.800212327762281461e+01
7.793328383520776015e+01
7.786443770304316558e+01
7.779558487606740869e+01
7.772672534920906173e+01
7.765785911738873892e+01
7.758898617551666632e+01
7.752010651849545297e+01
7.745122014121709242e+01
7.738232703856564854e+01
7.731342720541539393e+01
7.724452063663106571e+01
7.717560732706918714e+01
7.710668727157603541e+01
7.703776046498876440e+01
7.696882690213578826e+01
7.689988657783551673e+01
7.683093948689770514e+01
7.676198562412139381e+01
7.669302498429804871e+01
7.662405756220783815e+01
7.655508335262251762e+01
7.656195714874172609e+01
7.654134990737084365e+01
7.652596667107943063e+01
7.681947400747195331e+01
7.632463303926282094e+01
7.633160593645442304e+01
7.638703991874371013e+01
7.619206325000166657e+01
7.764844903869905579e+01
7.623467808329922946e+01
7.616566546660494907e+01
7.609664602744086892e+01
7.602761976049848158e+01
7.595858666046640906e+01
7.588954672202272889e+01
7.585860470500396957e+01
7.621402578495468561e+01
7.575011186448701039e+01
7.583361116531165180e+01
7.570913396451935284e+01
7.660429401742406696e+01
7.564578686324762202e+01
7.557671588045876376e+01
7.550763802965769855e+01
7.543855330545444815e+01
7.693556936419876990e+01
7.522416102484028499e+01
7.499922597181399908e+01
7.488083561855574999e+01
7.795608698846304208e+01
7.503155891299206814e+01
7.490874011614432959e+01
7.482553460194182549e+01
7.469039093799322870e+01
7.724004689911431853e+01
7.470093442871869627e+01
7.373972526942047523e+01
7.011902690477322153e+01
7.236174803122571575e+01
7.474921295563405010e+01
7.541239939743532261e+01
7.464803418630427245e+01
7.780994866830735646e+01
7.445146884248362085e+01
7.572267711277099522e+01
7.611776038133309896e+01
7.472967872427490477e+01
7.464673696427517768e+01
7.400475556362955842e+01
7.488329316845337758e+01
7.368791019369312778e+01
7.425963318080223985e+01
7.512425081885345435e+01
7.273518796757116434e+01
7.525002658868397987e+01
7.438943828976211137e+01
7.346400730133680668e+01
7.614640468223126391e+01
7.311562428561354920e+01
7.347399039584684033e+01
7.442416304380600423e+01
7.439507972509268541e+01
7.456777068271185271e+01
7.400560831362980707e+01
7.300699274445591413e+01
7.611568546580805616e+01
7.387036879628561792e+01
7.418662872509045769e+01
7.507755760013330359e+01
7.380279297183706433e+01
7.455781995848249721e+01
7.329494134031138231e+01
7.490848714511533046e+01
7.256712217290692024e+01
7.517333659262499168e+01
7.302153935613000613e+01
7.502908973542699300e+01
7.483997631911182680e+01
7.295690365722845172e+01
6.468445766502212280e+01
7.185296588543842233e+01
8.230962338390686739e+01
7.486246653387048866e+01
7.426555579370553062e+01
7.396738372112437787e+01
7.498415105787449875e+01
7.495780629576880472e+01
7.596621884672052261e+01
6.932789828586453496e+01
6.719388463370026443e+01
7.171221042549905178e+01
7.291264772453644127e+01
7.655500702794597601e+01
7.746904259237852841e+01
7.916799808662022997e+01
7.389730153802699419e+01
7.592438344084001756e+01
7.187815861543349172e+01
7.216570095861155210e+01
7.475924143240425224e+01
7.375205751519540343e+01
7.429631768614950715e+01
7.567956368053710037e+01
7.311840417905239065e+01
7.394075726255931613e+01
7.531503586303819020e+01
7.351727780520008082e+01
7.564287286971395474e+01
7.453757699778762458e+01
7.235370973528067395e+01
7.672826012800175022e+01
7.377602102443813692e+01
7.399080286169484566e+01
7.471601332000618356e+01
7.158858163238696193e+01
7.583169062541125527e+01
7.196537355905309141e+01
7.633336140771658052e+01
7.293643573587897322e+01
7.363433948627682923e+01
7.263447625800617402e+01
7.152237927261015216e+01
7.298149637828126401e+01
7.286631316960281879e+01
7.118929846582648224e+01
7.347453848564084922e+01
7.379998405196201361e+01
7.396858087873636123e+01
7.184638355494259088e+01
7.230980942321814098e+01
7.496173502055086146e+01
7.551647482891735308e+01
6.991122914875239758e+01
7.171459808044737372e+01
7.005793748869510296e+01
7.974155477334869602e+01
7.349653647575851778e+01
7.473253020042636763e+01
7.301601795754069713e+01
7.566514174206420762e+01
7.315082448988759722e+01
7.465031443971048475e+01
7.534847237677647058e+01
7.573835245545336647e+01
7.595709534904082716e+01
7.560056819740495371e+01
7.080550398029008363e+01
7.403052009820639512e+01
7.459733438132576566e+01
7.469646264630148380e+01
7.565670306379571741e+01
7.445359943427359894e+01
7.221250226816488293e+01
7.411302780220684383e+01
7.414671036046280506e+01
7.812550366948978819e+01
7.182737308896356865e+01
7.425913756855590009e+01
7.429257269760569216e+01
7.429257257026264938e+01
7.429257248022634030e+01
7.429257631435940823e+01
7.429257272828115788e+01
7.429277567759808676e+01
7.429373227658602730e+01
7.429267712477044938e+01
7.429267681934325651e+01
7.467981975883384393e+01
7.434483018937952181e+01
7.434483020782626284e+01
7.419030699597212219e+01
7.406594557751330399e+01
7.506547963640107923e+01
7.439700559120798573e+01
7.439700574173228631e+01
7.439700551340854418e+01
7.381764221815528515e+01
7.428030050790248140e+01
7.431373162267560417e+01
7.431373372189224824e+01
7.489442680296373567e+01
7.439193164913245937e+01
7.439193155305211747e+01
7.439193144929548396e+01
7.439193151150092831e+01
7.439193207483931758e+01
7.439193150166218516e+01
7.435331609091932137e+01
7.438672710954634226e+01
7.342184370986095132e+01
7.425663151226483194e+01
7.425663143853681447e+01
7.425663135725386610e+01
7.425663130291434300e+01
7.425663140635364812e+01
7.425663132193990634e+01
7.425601241409236764e+01
7.425668366644694629e+01
7.425668362948198364e+01
7.425668358958299109e+01
7.425668354626819223e+01
7.425668349953754444e+01
7.425668344939118981e+01
7.425688420702938686e+01
7.425670969880380312e+01
7.425670967325986283e+01
7.425670964579455813e+01
7.425670961640811640e+01
7.425670958510018238e+01
7.425670955187104028e+01
7.425670951672047693e+01
7.425670950729535491e+01
7.425690313022286659e+01
7.425673575951714156e+01
7.425673574516163455e+01
7.425673572995239624e+01
7.425673571388904293e+01
7.425673569697207199e+01
7.425673567920100027e+01
7.425673566057612618e+01
7.425673564109736446e+01
7.425673562076472933e+01
7.425673559957816394e+01
7.425673557753782461e+01
7.425610807548456194e+01
7.425678786195597070e+01
7.425678786156214528e+01
7.425678786156281319e+01
7.425678786156339584e+01
7.425678786156416322e+01
7.425678786156473166e+01
7.425678786156549904e+01
7.425678786156612432e+01
7.425678786156687750e+01
7.425678786156755962e+01
7.425678786156819911e+01
7.425678786156896649e+01
7.425678786156946387e+01
7.425678786157014599e+01
7.425678786157087075e+01
7.425678786157158129e+01
7.425678786157222078e+01
7.425678786157280342e+01
7.425678786157358502e+01
7.425678786157432398e+01
7.425678786157493505e+01
7.425678786157556033e+01
7.425678786157629929e+01
7.425678786157693878e+01
7.425678786157752143e+01
7.425678786157834566e+01
7.425678786157905620e+01
7.425678786157968148e+01
7.425678786158039202e+01
7.425678786158111677e+01
7.425678786158175626e+01
7.425678786158246680e+01
7.425678786158310629e+01
7.425678786158377420e+01
7.425678786158448474e+01
7.425678786158508160e+01
7.425678786158570688e+01
7.425678786158664479e+01
7.425678786158729849e+01
7.425678786158803746e+01
7.425678786158867695e+01
7.425678786158943012e+01
7.425678786159005540e+01
7.425678786159082279e+01
7.425678786159151912e+01
7.425678786159217282e+01
7.425678786159288336e+01
7.425678786159357969e+01
7.425678786159429023e+01
7.425678786159501499e+01
7.425678786159579658e+01
7.425678786159639344e+01
7.425678786159708977e+01
7.425678786159791400e+01
7.425678786159852507e+01
7.425678786159922140e+01
7.425678786159997458e+01
7.425678786160079881e+01
7.425678786160136724e+01
7.425678786160206357e+01
7.425678786160283096e+01
7.425678786160359834e+01
7.425678786160422362e+01
7.425678786160494838e+01
7.425678786160572997e+01
7.425678786160646894e+01
7.425678786160727896e+01
7.425678786160794687e+01
7.425678786160865741e+01
7.425678786160925426e+01
7.425678786160997902e+01
7.425678786161095957e+01
7.425678786161162748e+01
7.425678786161228118e+01
7.425678786161307698e+01
7.425678786161375911e+01
7.425678786161449807e+01
7.425678786161520861e+01
7.425678786161593337e+01
7.425678786161675760e+01
7.425678786161736866e+01
7.425678786161827816e+01
7.425678786161903133e+01
7.425678786161967082e+01
7.425678786162053768e+01
7.425678786162129086e+01
7.425678786162197298e+01
7.425678786162266931e+01
7.425678786162339406e+01
7.425678786162420408e+01
7.425678786162490042e+01
7.425678786162571043e+01
7.425678786162649203e+01
7.425678786162724521e+01
7.425678786162808365e+01
7.425678786162882261e+01
7.425678786162956158e+01
7.425678786163037159e+01
7.425678786163105372e+01
7.425678786163172163e+01
7.425678786163258849e+01
7.425678786163331324e+01
7.425678786163410905e+01
7.425678786163477696e+01
7.425678786163564382e+01
7.425678786163643963e+01
7.425678786163722123e+01
7.425678786163794598e+01
7.425678786163869916e+01
7.425678786163948075e+01
7.425678786164029077e+01
7.425678786164112921e+01
7.425678786164181133e+01
7.425678786164264977e+01
7.425678786164338874e+01
7.425678786164414191e+01
7.425678786164505141e+01
7.425678786164574774e+01
7.425678786164657197e+01
7.425678786164741041e+01
7.425678786164831990e+01
7.425678786164903045e+01
7.425678786164974099e+01
7.425678786165065048e+01
7.425678786165128997e+01
7.425678786165211420e+01
7.425678786165295264e+01
7.425678786165374845e+01
7.425678786165457268e+01
7.425678786165528322e+01
7.425678786165610745e+01
7.425678786165697431e+01
7.425678786165774170e+01
7.425678786165846645e+01
7.425678786165941858e+01
7.425678786166017176e+01
7.425678786166106704e+01
7.425678786166173495e+01
7.425678786166253076e+01
7.425678786166351131e+01
7.425678786166422185e+01
7.425678786166510292e+01
7.425678786166599821e+01
7.425678786166662348e+01
7.425678786166747614e+01
7.425678786166845669e+01
7.425678786166915302e+01
7.425678786167003409e+01
7.425678786167084411e+01
7.425678786167163992e+01
7.425678786167247836e+01
7.425678786167340206e+01
7.425678786167422629e+01
7.425678786167506473e+01
7.425678786167591738e+01
7.425678786167664214e+01
7.425678786167755163e+01
7.425678786167839007e+01
7.425678786167924272e+01
7.425678786168006695e+01
7.425678786168100487e+01
7.425678786168177226e+01
7.425678786168262491e+01
7.425678786168339229e+01
7.425678786168444390e+01
7.425678786168515444e+01
7.425678786168606393e+01
7.425678786168704448e+01
7.425678786168788292e+01
7.425678786168867873e+01
7.425678786168964507e+01
7.425678786169044088e+01
7.425678786169135037e+01
7.425678786169216039e+01
7.425678786169305567e+01
7.425678786169385148e+01
7.425678786169476098e+01
7.425678786169561363e+01
7.425678786169652312e+01
7.425678786169741841e+01
7.425678786169832790e+01
7.425678786169919476e+01
7.425678786170013268e+01
7.425678786170091428e+01
7.425678786170180956e+01
7.425678786170274748e+01
7.425678786170348644e+01
7.425678786170450962e+01
7.425678786170540491e+01
7.425678786170630019e+01
7.425678786170715284e+01
7.425678786170823287e+01
7.425678786170897183e+01
7.425678786170983869e+01
7.425678786171076240e+01
7.425678786171168611e+01
7.425678786171265244e+01
7.425678786171349088e+01
7.425678786171445722e+01
7.425678786171539514e+01
7.425678786171634727e+01
7.425678786171727097e+01
7.425678786171809520e+01
7.425678786171889101e+01
7.425678786171985735e+01
7.425678786172079526e+01
7.425678786172176160e+01
7.425678786172278478e+01
7.425678786172368007e+01
7.425678786172460377e+01
7.425678786172542800e+01
7.425678786172638013e+01
7.425678786172736068e+01
7.425678786172824175e+01
7.425678786172917967e+01
7.425678786173023127e+01
7.425678786173094181e+01
7.425678786173209289e+01
7.425678786173304502e+01
7.425678786173403978e+01
7.425678786173494927e+01
7.425678786173587298e+01
7.425678786173698143e+01
7.425678786173781987e+01
7.425678786173867252e+01
7.425678786173969570e+01
7.425678786174069046e+01
7.425678786174164259e+01
7.425678786174262314e+01
7.425678786174358947e+01
7.425678786174459844e+01
7.425678786174562163e+01
7.425678786174657375e+01
7.425678786174755430e+01
7.425678786174853485e+01
7.425678786174947277e+01
7.425678786175033963e+01
7.425678786175146229e+01
7.425678786175248547e+01
7.425678786175340917e+01
7.425678786175448920e+01
7.425678786175534185e+01
7.425678786175646451e+01
7.425678786175743085e+01
7.425678786175842561e+01
7.425678786175954826e+01
7.425678786176041513e+01
7.425678786176152357e+01
7.425678786176240465e+01
7.425678786176345625e+01
7.425678786176446522e+01
7.425678786176536050e+01
7.425678786176655422e+01
7.425678786176752055e+01
7.425678786176851531e+01
7.425678786176962376e+01
7.425678786177053325e+01
7.425678786177167012e+01
7.425678786177276436e+01
7.425678786177361701e+01
7.425678786177464019e+01
7.425678786177586232e+01
7.425678786177685708e+01
7.425678786177786606e+01
7.425678786177888924e+01
7.425678786177996926e+01
7.425678786178106350e+01
7.425678786178205826e+01
7.425678786178326618e+01
7.425678786178424673e+01
7.425678786178522728e+01
7.425678786178633572e+01
7.425678786178735891e+01
7.425678786178841051e+01
7.425678786178943369e+01
7.425678786179057056e+01
7.425678786179175006e+01
7.425678786179283009e+01
7.425678786179376800e+01
7.425678786179490487e+01
7.425678786179599911e+01
7.425678786179716440e+01
7.425678786179815916e+01
7.425678786179931024e+01
7.425678786180037605e+01
7.425678786180147029e+01
7.425678786180256452e+01
7.425678786180365876e+01
7.425678786180478141e+01
7.425678786180587565e+01
7.425678786180705515e+01
7.425678786180800728e+01
7.425678786180918678e+01
7.425678786181040891e+01
7.425678786181147473e+01
7.425678786181269686e+01
7.425678786181377689e+01
7.425678786181484270e+01
7.425678786181597957e+01
7.425678786181727276e+01
7.425678786181838120e+01
7.425678786181931912e+01
7.425678786182064073e+01
7.425678786182164970e+01
7.425678786182278657e+01
7.425678786182402291e+01
7.425678786182521662e+01
7.425678786182642455e+01
7.425678786182760405e+01
7.425678786182875513e+01
7.425678786182972146e+01
7.425678786183104307e+01
7.425678786183212310e+01
7.425678786183330260e+01
7.425678786183458158e+01
7.425678786183578950e+01
7.425678786183694058e+01
7.425678786183806324e+01
7.425678786183925695e+01
7.425678786184047908e+01
7.425678786184164437e+01
7.425678786184298019e+01
7.425678786184417390e+01
7.425678786184543867e+01
7.425678786184653291e+01
7.425678786184775504e+01
7.425678786184903402e+01
7.425678786185017088e+01
7.425678786185146407e+01
7.425678786185267199e+01
7.425678786185383728e+01
7.425678786185517311e+01
7.425678786185638103e+01
7.425678786185753211e+01
7.425678786185881108e+01
7.425678786186010427e+01
7.425678786186122693e+01
7.425678786186264801e+01
7.425678786186378488e+01
7.425678786186512070e+01
7.425678786186631442e+01
7.425678786186772129e+01
7.425678786186874447e+01
7.425678786187025082e+01
7.425678786187148717e+01
7.425678786187276614e+01
7.425678786187395986e+01
7.425678786187529568e+01
7.425678786187660307e+01
7.425678786187798153e+01
7.425678786187918945e+01
7.425678786188049685e+01
7.425678786188179004e+01
7.425678786188331060e+01
7.425678786188444747e+01
7.425678786188584013e+01
7.425678786188716174e+01
7.425678786188848335e+01
7.425678786188981917e+01
7.425678786189114078e+01
7.425678786189250502e+01
7.425678786189374136e+01
7.425678786189523350e+01
7.425678786189641301e+01
7.425678786189776304e+01
7.425678786189925518e+01
7.425678786190059100e+01
7.425678786190196945e+01
7.425678786190333369e+01
7.425678786190468372e+01
7.425678786190609060e+01
7.425678786190746905e+01
7.425678786190877645e+01
7.425678786191018332e+01
7.425678786191164704e+01
7.425678786191303971e+01
7.425678786191440395e+01
7.425678786191592451e+01
7.425678786191723191e+01
7.425678786191863878e+01
7.425678786192023040e+01
7.425678786192149516e+01
7.425678786192290204e+01
7.425678786192440839e+01
7.425678786192577263e+01
7.425678786192733583e+01
7.425678786192879954e+01
7.425678786193022063e+01
7.425678786193164171e+01
7.425678786193320491e+01
7.425678786193465442e+01
7.425678786193611813e+01
7.425678786193755343e+01
7.425678786193910241e+01
7.425678786194055192e+01
7.425678786194204406e+01
7.425678786194346515e+01
7.425678786194501413e+01
7.425678786194646364e+01
7.425678786194809788e+01
7.425678786194957581e+01
7.425678786195095427e+01
7.425678786195260273e+01
7.425678786195412329e+01
7.425678786195567227e+01
7.425678786195723546e+01
7.425678786195877024e+01
7.425678786196030501e+01
7.425678786196195347e+01
7.425678786196345982e+01
7.425678786196499459e+01
7.425678786196655778e+01
7.425678786196820624e+01
7.425678786196971259e+01
7.425678786197138948e+01
7.425678786197308057e+01
7.425678786197458692e+01
7.425678786197615011e+01
7.425678786197777015e+01
7.425678786197946124e+01
7.425678786198102443e+01
7.425678786198267289e+01
7.425678786198432135e+01
7.425678786198595560e+01
7.425678786198751880e+01
7.425678786198920989e+01
7.425678786199085835e+01
7.425678786199256365e+01
7.425678786199428316e+01
7.425678786199594583e+01
7.425678786199767956e+01
7.425678786199932802e+01
7.425678786200107595e+01
7.425678786200265336e+01
7.425678786200458603e+01
7.425678786200630555e+01
7.425678786200793979e+01
7.425678786200974457e+01
7.425678786201140724e+01
7.425678786201308412e+01
7.425678786201488890e+01
7.425678786201667947e+01
7.425678786201834214e+01
7.425678786202016113e+01
7.425678786202186643e+01
7.425678786202377069e+01
7.425678786202543336e+01
7.425678786202739445e+01
7.425678786202909976e+01
7.425678786203093296e+01
7.425678786203276616e+01
7.425678786203455672e+01
7.425678786203647519e+01
7.425678786203826576e+01
7.425678786204014159e+01
7.425678786204208848e+01
7.425678786204386483e+01
7.425678786204564119e+01
7.425678786204758808e+01
7.425678786204946391e+01
7.425678786205138238e+01
7.425678786205337190e+01
7.425678786205520510e+01
7.425678786205708093e+01
7.425678786205908466e+01
7.425678786206103155e+01
7.425678786206290738e+01
7.425678786206486848e+01
7.425678786206687221e+01
7.425678786206881909e+01
7.425678786207090809e+01
7.425678786207276971e+01
7.425678786207498661e+01
7.425678786207680560e+01
7.425678786207892301e+01
7.425678786208084148e+01
7.425678786208278837e+01
7.425678786208490578e+01
7.425678786208705162e+01
7.425678786208902693e+01
7.425678786209117277e+01
7.425678786209309123e+01
7.425678786209523707e+01
7.425678786209738291e+01
7.425678786209940085e+01
7.425678786210166038e+01
7.425678786210382043e+01
7.425678786210599469e+01
7.425678786210805526e+01
7.425678786211014426e+01
7.425678786211238958e+01
7.425678786211450699e+01
7.425678786211666704e+01
7.425678786211906868e+01
7.425678786212112925e+01
7.425678786212337457e+01
7.425678786212569094e+01
7.425678786212790783e+01
7.425678786213018157e+01
7.425678786213244109e+01
7.425678786213462956e+01
7.425678786213688909e+01
7.425678786213919125e+01
7.425678786214149341e+01
7.425678786214407978e+01
7.425678786214625404e+01
7.425678786214865568e+01
7.425678786215098626e+01
7.425678786215334526e+01
7.425678786215566163e+01
7.425678786215804905e+01
7.425678786216045069e+01
7.425678786216279548e+01
7.425678786216526817e+01
7.425678786216772664e+01
7.425678786217021354e+01
7.425678786217268623e+01
7.425678786217515892e+01
7.425678786217760319e+01
7.425678786218024641e+01
7.425678786218283278e+01
7.425678786218523442e+01
7.425678786218789185e+01
7.425678786219030769e+01
7.425678786219290828e+01
7.425678786219569361e+01
7.425678786219829419e+01
7.425678786220088057e+01
7.425678786220349537e+01
7.425678786220606753e+01
7.425678786220882444e+01
7.425678786221160976e+01
7.425678786221423877e+01
7.425678786221700989e+01
7.425678786221968153e+01
7.425678786222235317e+01
7.425678786222519534e+01
7.425678786222798067e+01
7.425678786223083705e+01
7.425678786223359396e+01
7.425678786223633665e+01
7.425678786223939198e+01
7.425678786224219152e+01
7.425678786224504790e+01
7.425678786224787586e+01
7.425678786225068961e+01
7.425678786225383021e+01
7.425678786225671502e+01
7.425678786225971351e+01
7.425678786226279726e+01
7.425678786226580996e+01
7.425678786226887951e+01
7.425678786227196326e+01
7.425678786227487649e+01
7.425678786227805972e+01
7.425678786228117190e+01
7.425678786228432671e+01
7.425678786228758099e+01
7.425678786229070738e+01
7.425678786229377693e+01
7.425678786229711648e+01
7.425678786230027129e+01
7.425678786230355399e+01
7.425678786230690775e+01
7.425678786231027573e+01
7.425678786231364370e+01
7.425678786231698325e+01
7.425678786232025175e+01
7.425678786232376183e+01
7.425678786232714401e+01
7.425678786233055462e+01
7.425678786233414996e+01
7.425678786233763162e+01
7.425678786234114170e+01
7.425678786234475126e+01
7.425678786234823292e+01
7.425678786235179984e+01
7.425678786235549467e+01
7.425678786235926054e+01
7.425678786236294115e+01
7.425678786236662177e+01
7.425678786237033080e+01
7.425678786237422457e+01
7.425678786237807572e+01
7.425678786238178475e+01
7.425678786238569273e+01
7.425678786238964335e+01
7.425678786239355134e+01
7.425678786239755880e+01
7.425678786240149520e+01
7.425678786240547424e+01
7.425678786240962381e+01
7.425678786241374496e+01
7.425678786241793716e+01
7.425678786242210094e+01
7.425678786242623630e+01
7.425678786243051377e+01
7.425678786243476281e+01
7.425678786243898344e+01
7.425678786244343144e+01
7.425678786244783680e+01
7.425678786245221374e+01
7.425678786245671859e+01
7.425678786246118079e+01
7.425678786246571406e+01
7.425678786247038943e+01
7.425678786247489427e+01
7.425678786247972596e+01
7.425678786248447238e+01
7.425678786248906249e+01
7.425678786249402208e+01
7.425678786249876850e+01
7.425678786250364283e+01
7.425678786250864505e+01
7.425678786251356200e+01
7.425678786251862107e+01
7.425678786252366592e+01
7.425678786252898078e+01
7.425678786253405406e+01
7.425678786253936892e+01
7.425678786254462693e+01
7.425678786254991337e+01
7.425678786255539876e+01
7.425678786256098363e+01
7.425678786256635533e+01
7.425678786257208230e+01
7.425678786257758190e+01
7.425678786258325204e+01
7.425678786258912112e+01
7.425678786259489073e+01
7.425678786260073139e+01
7.425678786260684205e+01
7.425678786261261166e+01
7.425678786261883602e+01
7.425678786262500353e+01
7.425678786263111419e+01
7.425678786263736697e+01
7.425678786264384712e+01
7.425678786265022779e+01
7.425678786265679321e+01
7.425678786266327336e+01
7.425678786266993825e+01
7.425678786267664577e+01
7.425678786268355225e+01
7.425678786269041609e+01
7.425678786269742204e+01
7.425678786270448484e+01
7.425678786271170395e+01
7.425678786271899412e+01
7.425678786272635534e+01
7.425678786273377341e+01
7.425678786274139043e+01
7.425678786274887955e+01
7.425678786275665288e+01
7.425678786276455412e+01
7.425678786277245536e+01
7.425678786278052712e+01
7.425678786278869836e+01
7.425678786279705434e+01
7.425678786280525401e+01
7.425678786281395105e+01
7.425678786282250599e+01
7.425678786283125987e+01
7.425678786284009902e+01
7.425678786284909449e+01
7.425678786285817523e+01
7.425678786286744071e+01
7.425678786287681987e+01
7.425678786288642641e+01
7.425678786289611821e+01
7.425678786290590949e+01
7.425678786291595657e+01
7.425678786292613154e+01
7.425678786293651967e+01
7.425678786294699307e+01
7.425678786295743805e+01
7.425678786296843725e+01
7.425678786297932277e+01
7.425678786299046408e+01
7.425678786300188960e+01
7.425678786301351408e+01
7.425678786302539436e+01
7.425678786303706147e+01
7.425678786304931123e+01
7.425678786306173151e+01
7.425678786307435075e+01
7.425678786308706947e+01
7.425678786310015767e+01
7.425678786311353008e+01
7.425678786312690249e+01
7.425678786314065860e+01
7.425678786315472735e+01
7.425678786316903768e+01
7.425678786318371749e+01
7.425678786319869573e+01
7.425678786321374503e+01
7.425678786322907854e+01
7.425678786324496627e+01
7.425678786326116665e+01
7.425678786327760861e+01
7.425678786329424952e+01
7.425678786331148729e+01
7.425678786332885295e+01
7.425678786334680126e+01
7.425678786336494852e+01
7.425678786338360737e+01
7.425678786340279203e+01
7.425678786342220405e+01
7.425678786344228399e+01
7.425678786346263394e+01
7.425678786348350968e+01
7.425678786350474070e+01
7.425678786352671068e+01
7.425678786354902172e+01
7.425678786357210015e+01
7.425678786359544858e+01
7.425678786361956440e+01
7.425678786364430550e+01
7.425678786366955819e+01
7.425678786369573459e+01
7.425678786372230888e+01
7.425678786374983531e+01
7.425678786377790175e+01
7.425678786380694874e+01
7.425678786383656416e+01
7.425678786386713170e+01
7.425678786389850927e+01
7.425678786393079633e+01
7.425678786396419184e+01
7.425678786399842579e+01
7.425678786403368292e+01
7.425678786407002008e+01
7.425678786410742305e+01
7.425678786414611920e+01
7.425678786418602328e+01
7.425678786422710687e+01
7.425678786426968259e+01
7.425678786431353728e+01
7.425678786435892675e+01
7.425678786440582257e+01
7.425678786445452317e+01
7.425678786450478697e+01
7.425678786455689817e+01
7.425678786461079994e+01
7.425678786466680492e+01
7.425678786472495574e+01
7.425678786478528082e+01
7.425678786484776595e+01
7.425678786491285166e+01
7.425678786498052375e+01
7.425678786505091011e+01
7.425678786512436602e+01
7.425678786520066410e+01
7.425678786528055753e+01
7.425678786536379050e+01
7.425678786545056198e+01
7.425678786554131250e+01
7.425678786563629785e+01
7.425678786573570278e+01
7.425678786584003888e+01
7.425678786594912140e+01
7.425678786606388826e+01
7.425678786618436789e+01
7.425678786631105766e+01
7.425678786644439811e+01
7.425678786658505715e+01
7.425678786673324794e+01
7.425678786688993682e+01
7.425678786705556433e+01
7.425678786723075575e+01
7.425678786741661952e+01
7.425678786761376671e+01
7.425678786782349050e+01
7.425678786804647302e+01
7.425678786828433431e+01
7.425678786853818281e+01
7.425678786880961013e+01
7.425678786910033580e+01
7.425678786941216458e+01
7.425678786974752654e+01
7.425678787010878068e+01
7.425678787049865548e+01
7.425678787092027733e+01
7.425678787137741210e+01
7.425678787187420937e+01
7.425678787241518819e+01
7.425678787300667238e+01
7.425678787365443156e+01
7.425678787436625328e+01
7.425678787515101931e+01
7.425678787601920305e+01
7.425678787698346639e+01
7.425678787805811965e+01
7.425678787926165114e+01
7.425678788061532032e+01
7.425678788214558779e+01
7.425678788388501061e+01
7.425678788587369183e+01
7.425678788816213682e+01
7.425678789081462128e+01
7.425678789391284340e+01
7.425678789756352671e+01
7.425678790190690393e+01
7.425678790713151045e+01
7.425678791349342589e+01
7.425678792135033746e+01
7.425678793121126375e+01
7.425678794382221781e+01
7.291349000070566433e+01
7.176471300491719774e+01
7.627018064870759417e+01
7.501023408348667942e+01
7.691183637877577439e+01
7.714291921104810967e+01
7.445274278070095875e+01
9.335713092606805219e+01
7.779010007632062695e+01
8.478869932758379946e+01
9.335908808484693111e+01
1.061420278716893790e+02
1.216671012830517782e+02
1.238479127934160999e+02
1.344120182022126073e+02
1.268896449924546914e+02
1.421568735876546725e+02
1.301693724217031445e+02
1.442934302144553271e+02
1.339204034622729296e+02
1.323374502462313558e+02
1.275036623799488211e+02
1.134739112663908003e+02
9.862664735826199092e+01
8.365231112796269031e+01
7.238335916282974836e+01
7.271572187169792301e+01
6.968464672568106266e+01
9.379401801333845867e+01
7.279026466319619715e+01
1.168378120879881408e+02
9.352609719681279898e+01
1.181980638287838445e+02
1.221506397203914673e+02
1.046433168638829301e+02
8.773137448474525968e+01
7.538336521756174591e+01
7.369082930694671063e+01
7.903056829701552033e+01
8.495705571436072034e+01
8.433356626297313596e+01
8.477589873885128213e+01
8.752115692844101602e+01
8.627167336050011670e+01
8.600261607554558907e+01
8.753545138826616778e+01
8.654574898366196578e+01
8.796216763395429439e+01
8.731909243207300619e+01
8.262828625364197421e+01
8.227015090144040244e+01
8.380324241952588693e+01
7.947962778734732581e+01
8.110527292982843051e+01
7.887524654868610696e+01
8.289328882754554684e+01
7.566925142814756100e+01
7.418073722430384009e+01
7.476200849694625106e+01
7.591895789344169998e+01
7.429393451548267535e+01
7.336572994842110518e+01
7.562470383290646225e+01
7.108147001496423911e+01
7.329321266931059142e+01
7.312465154988942118e+01
7.631191593329367606e+01
7.324566395663768503e+01
6.768055701644746591e+01
7.684033795125961319e+01
6.952246371706284833e+01
7.938223659231684337e+01
6.892269754945409943e+01
7.743459773556575954e+01
6.877498430365439219e+01
7.768648976737185308e+01
7.000013826615447954e+01
6.856495972615257983e+01
7.842244321413514285e+01
7.166720227662632681e+01
7.361557635690222412e+01
7.619545912552889888e+01
7.097085803126037717e+01
7.366592391279408503e+01
7.732213203540273128e+01
7.074045260704998839e+01
7.511757296778145587e+01
7.574768612880674823e+01
6.941011424987014777e+01
7.513975739171164037e+01
7.550503244178426598e+01
7.765881885209307711e+01
7.356989258552984268e+01
6.943859748082995509e+01
7.150586516923362979e+01
7.271843171173124176e+01
7.638050320547911554e+01
7.388087649175250249e+01
7.377155251341893916e+01
7.377203485758553825e+01
7.377465906025852860e+01
7.342301852689863040e+01
7.368630931899144798e+01
7.352614955998184598e+01
6.969147021932514008e+01
7.560784178726950699e+01
6.992610165533415056e+01
7.306082029367816233e+01
7.832022543605738463e+01
7.228209417749195609e+01
7.130959424032499783e+01
7.526459069429208171e+01
7.388119429067634769e+01
7.511943459423036984e+01
7.370145947461249136e+01
7.399769870323879672e+01
7.465031787531846419e+01
7.401809537508728454e+01
7.320913840920781013e+01
7.632027384748677434e+01
7.262511463398189449e+01
7.915115284946807606e+01
7.632450657843691033e+01
7.811837864559431921e+01
7.663418546558625621e+01
8.194976363834445010e+01
7.893977638183636714e+01
7.377235039191344868e+01
7.470605187743267095e+01
7.486746408632512839e+01
7.650897814691937526e+01
7.650551652462590368e+01
7.678105610160261563e+01
7.524769444782819505e+01
7.949294386967464732e+01
8.136061545723117661e+01
7.035768816370739387e+01
7.280367458460320051e+01
7.542031400313469192e+01
7.414200799475077019e+01
7.595109274101943697e+01
7.301737554308576250e+01
7.565828640539957917e+01
7.575233725932648099e+01
7.204980581234180192e+01
7.532776085092228868e+01
7.542192695751325004e+01
7.275117991904507164e+01
7.513713948793311204e+01
7.500039236832775202e+01
7.140556284404270571e+01
7.476487271493662945e+01
7.485923664296028335e+01
7.202269125201962652e+01
7.455334613850902770e+01
7.464778491469176913e+01
7.087646152486766482e+01
1.311554212407474722e+02
1.481607366986084173e+02
7.469301436774806291e+01
1.520000000000000000e+02
6.248801259861310342e+01
7.677663007760217795e+01
1.172349968845912400e+02
7.504169047386483271e+01
7.219841822478453253e+01
7.622519983384844977e+01
6.999151455570421376e+01
8.375167930110680459e+01
6.963240863071121112e+01
7.839495651995382275e+01
7.932836766888246416e+01
7.639021851235175120e+01
8.110111278335895690e+01
7.483350419220441552e+01
7.801183022879081363e+01
6.968637282710105296e+01
7.901151602661943230e+01
7.945284970430984117e+01
6.914925085932016202e+01
8.130956367918523142e+01
7.775211924895896232e+01
7.331138248798733059e+01
7.919139540177185665e+01
7.654428763053535079e+01
7.550087885422067302e+01
7.355196111869382491e+01
7.911563207721252411e+01
7.631939828952684479e+01
7.598736268780794489e+01
7.702297975247411443e+01
7.611273980335899125e+01
7.028501590824942014e+01
8.177430537151280987e+01
7.443119341734039551e+01
7.536607557493690024e+01
7.535514296412829083e+01
7.589041303680086514e+01
7.211931554141624190e+01
7.013008493538524135e+01
7.416548247566500152e+01
7.895767033709361726e+01
7.146023983079676611e+01
7.407211530283755963e+01
7.164637299586910046e+01
7.787881426321555978e+01
7.632961136017740955e+01
7.466745171717415985e+01
7.410827738390366903e+01
7.423699482221826429e+01
7.111580825841515718e+01
7.090740623471273807e+01
6.964585615364416071e+01
6.912023248958232102e+01
7.771814495411615553e+01
7.995110820524465112e+01
6.714213083241615720e+01
7.490787207819997207e+01
7.346450433716026396e+01
7.286758303774296053e+01
7.542151910953433003e+01
7.320863516325331943e+01
7.442460544063747818e+01
7.410716050307486569e+01
7.413172032655685939e+01
7.860338295589173185e+01
7.062913885542181447e+01
7.618022066582744856e+01
7.256665421650527037e+01
7.647291859186083229e+01
7.425184322661047531e+01
7.269639616908546031e+01
7.452457175511101184e+01
7.365983679138956575e+01
7.449501211369215525e+01
7.406123726061987611e+01
7.437378056693306405e+01
7.347335299534498176e+01
7.501122198378604367e+01
7.340737876434808129e+01
7.400163577360473255e+01
7.354080304886436181e+01
7.466020771427309910e+01
7.419445982961804020e+01
7.484488798954413369e+01
7.378773702272088997e+01
7.319156275057645189e+01
7.336280975992885089e+01
7.404990170803020533e+01
7.388098041350737333e+01
7.387476040102494323e+01
7.288801201240242733e+01
7.504541548759932823e+01
7.429893475869465647e+01
7.414886444707131830e+01
7.278294599133421627e+01
7.417081213144918195e+01
7.351927500652908520e+01
7.307349439845643246e+01
7.749065954425100244e+01
8.455519131571028879e+01
9.521419532939322039e+01
1.011323758210359358e+02
1.033525825709450743e+02
1.212718737114490040e+02
7.106600091769304584e+01
7.607569286884215387e+01
8.603079571183646124e+01
8.118445422371104314e+01
7.810200339323728258e+01
7.865756465503557138e+01
7.677577386589753417e+01
7.457616449473395903e+01
7.788718427461293459e+01
7.546228903331844151e+01
7.758354260310078132e+01
7.365780948307559584e+01
7.686795984769474899e+01
7.700335979051033064e+01
7.334171320662977678e+01
7.655960396160638481e+01
7.669519335916858438e+01
7.340763085731097704e+01
7.634109671511779993e+01
7.644382387690571079e+01
7.284400770610042741e+01
7.604812987710600680e+01
7.615096135476635197e+01
7.280980629042468877e+01
7.456022227472315933e+01
7.544365632346287498e+01
7.078664215146733341e+01
7.157317077624121282e+01
7.374069778417369037e+01
7.404060611144578274e+01
7.342600478411684151e+01
7.298709802640256328e+01
7.282399374566911376e+01
7.346041462013376133e+01
7.714540075254532780e+01
7.189627363185812214e+01
7.289113672536950617e+01
7.316579190825343915e+01
7.289903665722658843e+01
7.760014986075753995e+01
7.527439555383377012e+01
7.088688670924284452e+01
7.226862995242608179e+01
7.326913937602670046e+01
7.446476160189442339e+01
7.583991547992202698e+01
7.338576798927140032e+01
7.389449913921505697e+01
8.274574743478443395e+01
7.888806738147518161e+01
7.371775926308822591e+01
7.145784310257215566e+01
6.981577506317144355e+01
8.132600322070773302e+01
7.120762991956252108e+01
7.351820681006324776e+01
7.867119123918195100e+01
7.398558123706030187e+01
7.560076635738161599e+01
6.960739401253925962e+01
7.631557784151951296e+01
7.569234261323087765e+01
7.546200150629252335e+01
7.041403119127910770e+01
7.759396363066500157e+01
7.142163200164776526e+01
7.615475874443367843e+01
7.294725322682360513e+01
7.358553404620313643e+01
7.186749864657566889e+01
7.671143319570866481e+01
7.403430172065070280e+01
7.276382309115338387e+01
7.312572466758390988e+01
7.448367952636101563e+01
7.581793332456834378e+01
7.378891786563326605e+01
7.156523393719425030e+01
7.267615982946163911e+01
7.456167030008424490e+01
7.246413569651072351e+01
7.325736768435503166e+01
7.533441687527329123e+01
7.162850218809889213e+01
7.615600294550570482e+01
7.358765716764843035e+01
7.219990453470406067e+01
7.433652000903691714e+01
7.495294411452300665e+01
7.481088062740234079e+01
7.444870561482611038e+01
7.443358840032101398e+01
7.101231649584045158e+01
7.150677663129768291e+01
7.673475002731289862e+01
7.436761275218094625e+01
7.336543727126515080e+01
7.365369162738153364e+01
7.141687997332778082e+01
7.514521803158343971e+01
7.307276414309680490e+01
7.272939413151981114e+01
7.770065108344665816e+01
7.875968560448835376e+01
7.573879390362178299e+01
1.469535225788948196e+02
7.011984027446976597e+01
7.460409191576903254e+01
7.703310806028117952e+01
7.876472961683781193e+01
7.927970746807062596e+01
7.554844861016681534e+01
8.111077335244351616e+01
6.968649981536886173e+01
7.191818280223249360e+01
7.506375416542198309e+01
7.519314155678728184e+01
9.086741132269339971e+01
8.632616119087478523e+01
7.332778925001780124e+01
8.137765816899727156e+01
8.146960686141979124e+01
7.599150098351660176e+01
7.353160666769289833e+01
7.387503400723045388e+01
7.143897618060151444e+01
7.348226007379982150e+01
6.568401780041968152e+01
7.009822269202541634e+01
7.605602540261929789e+01
7.600782896877309724e+01
7.501631915860535571e+01
7.407594283738686158e+01
7.382115912421016901e+01
7.207481597986601685e+01
7.041963801831006720e+01
7.416927951349423154e+01
7.572040962535697872e+01
7.696424156371007541e+01
7.410929742034009848e+01
7.605791280641102503e+01
7.421005006392643111e+01
7.511903621585409496e+01
7.206798932334581309e+01
7.522198786971364370e+01
7.400824202200981006e+01
7.446828159855206763e+01
7.370631756554212188e+01
7.373790968844561178e+01
7.545459014788218610e+01
7.317527257137457752e+01
7.255758061950537297e+01
7.577935154084882186e+01
7.416224519077661625e+01
7.395001110553548074e+01
7.356861930659164273e+01
7.581336502924565934e+01
7.317637949138226361e+01
7.460057314343961821e+01
7.429793922008377649e+01
7.432728785144063011e+01
7.701483538034021592e+01
7.225955310577954549e+01
7.725422884795989376e+01
7.268683133351051140e+01
7.649729087097172453e+01
7.268421707362705320e+01
7.636518822642557325e+01
7.517083621068545085e+01
7.381347714383069558e+01
7.474873712345045362e+01
7.554128641021404178e+01
7.320939234701189946e+01
7.486072570774408064e+01
7.484249111977955238e+01
7.504682930746197655e+01
7.245905165218849220e+01
7.400697653013445176e+01
7.597929322719679135e+01
7.267660543636658588e+01
7.404147078779163849e+01
7.435613687981599185e+01
7.513054212452996694e+01
7.489795241142753923e+01
7.346038775061927595e+01
7.324447600289575178e+01
7.621618495719582143e+01
7.403969690595225472e+01
7.412197266169930288e+01
7.328836032488158025e+01
7.519182938216513890e+01
7.434773545583675514e+01
7.400658117771841660e+01
7.430815249030436576e+01
7.430819449595688297e+01
7.430937302340342399e+01
7.431217066317350373e+01
7.431673045420245671e+01
7.310755744706158055e+01
7.511084432424635793e+01
7.428184632475165472e+01
7.427553600695623004e+01
7.427430975825009796e+01
7.427531619825631992e+01
7.427631683980249022e+01
7.429245229527445815e+01
7.419867978763461736e+01
7.426203248784321431e+01
7.428702593041225555e+01
7.426488315648462901e+01
7.426464603155770305e+01
7.426778837090566299e+01
7.426507086688890524e+01
7.426578420007609793e+01
7.426853091517298822e+01
7.426558685070102683e+01
7.426558624027980215e+01
7.426558650579191578e+01
7.426721778046068323e+01
7.426580480740950918e+01
7.418631842411070920e+01
7.316763571449688186e+01
7.410673821576327214e+01
7.410501863744120499e+01
7.410502044262354104e+01
7.410502053026078784e+01
7.410502058732025432e+01
7.410553295180184818e+01
7.410523362355206700e+01
7.410523660350769148e+01
7.410580137196990336e+01
7.422240729919695923e+01
7.412105985698231336e+01
7.412133962067096604e+01
7.412166142856970907e+01
7.412174406407442007e+01
7.412153029119859582e+01
7.412128908813598116e+01
7.412128965148426119e+01
7.412156831944879798e+01
7.412179786546474247e+01
7.412139106835476809e+01
7.412272953857169000e+01
7.412156597096732469e+01
7.412156955178497242e+01
7.412156906296787895e+01
7.412156989930059581e+01
7.412156868413345023e+01
7.412269950765008275e+01
7.412172364642705702e+01
7.412172175822455245e+01
7.412172118811656674e+01
7.412218981263724515e+01
7.412225387251170616e+01
7.412231683406400862e+01
7.412191298927717753e+01
7.412191152034313291e+01
7.412191343024186096e+01
7.412191191293044312e+01
7.412191241869550140e+01
7.412191221810275010e+01
7.412191199391025975e+01
7.412191243463098544e+01
7.412247362664754746e+01
7.412198908052914703e+01
7.412198775627859959e+01
7.412198847836378945e+01
7.412198848691771502e+01
7.412198777758581514e+01
7.412283727945167300e+01
7.412210141368537109e+01
7.412210397002057505e+01
7.412210303537963796e+01
7.412210207136725160e+01
7.412210247796059548e+01
7.412210216161558662e+01
7.412210252229895957e+01
7.412210215685662718e+01
7.412210247094070326e+01
7.412210205553141407e+01
7.412238096042851510e+01
7.412214121378825382e+01
7.412214020670178627e+01
7.412214059247421005e+01
7.412241811873799691e+01
7.412217921373652985e+01
7.412217829306041494e+01
7.412217877452303583e+01
7.412217779827966524e+01
7.412273829156546867e+01
7.412225523568523045e+01
7.412225456951048841e+01
7.412225459547903483e+01
7.412225459615522993e+01
7.412225384708307274e+01
7.412225452078321553e+01
7.412225444429755328e+01
7.412225434164460580e+01
7.412225421259201141e+01
7.412281329332211044e+01
7.412233119307811080e+01
7.412233064878699906e+01
7.412233007529833628e+01
7.412233094369445041e+01
7.412233031576901965e+01
7.412288979516520726e+01
7.412240702263403591e+01
7.412240671002446391e+01
7.412240636902585322e+01
7.412240674186890033e+01
7.412240634537948836e+01
7.412240666547540968e+01
7.412240621247599393e+01
7.412240647895481516e+01
7.412240596837794726e+01
7.412268382079268747e+01
7.412272191911863217e+01
7.412248407747915735e+01
7.412248386244721132e+01
7.412248361841494670e+01
7.412248334509968117e+01
7.412248304221280648e+01
7.412248270945909212e+01
7.412248234653714007e+01
7.412248195313904375e+01
7.412294948111517101e+01
7.412254694706768987e+01
7.412254667847231815e+01
7.412254637943685509e+01
7.412254604965777105e+01
7.412254568882502781e+01
7.412254607210833512e+01
7.412254565048590393e+01
7.412254597591012839e+01
7.412254549235947820e+01
7.412254654063187331e+01
7.412254599641862285e+01
7.412254541897618765e+01
7.412254638317099875e+01
7.412254574336164126e+01
7.412254586056967298e+01
7.412254594746208625e+01
7.412254520920915013e+01
7.412254602928155123e+01
7.412254522561002545e+01
7.412254598671512440e+01
7.412254511634438359e+01
7.412254581754788774e+01
7.412254568476643612e+01
7.412254551945358116e+01
7.412254532130056361e+01
7.412254590072116400e+01
7.412254482520459931e+01
7.412254534168152986e+01
7.412254582744311904e+01
7.412254464623937622e+01
7.412254588722743165e+01
7.412254463488437750e+01
7.412254581516343421e+01
7.412254449021187952e+01
7.412254560886121624e+01
7.412254503991582055e+01
7.412282072656947207e+01
7.412258255144415386e+01
7.412258376682451910e+01
7.412258244615163960e+01
7.412342776313511195e+01
7.412269502951150457e+01
7.412269846274617180e+01
7.412269767719746483e+01
7.412269769382636753e+01
7.412269767560825073e+01
7.412269762222639713e+01
7.412269753335621658e+01
7.412269740866484824e+01
7.412269724781194213e+01
7.412269705044855073e+01
7.412269767127483533e+01
7.412269654475426250e+01
7.412297145373888441e+01
7.412273467283013417e+01
7.412273538399836070e+01
7.412273519788075760e+01
7.412273497403273836e+01
7.412273557988373796e+01
7.412384223605667444e+01
7.412288024654603191e+01
7.412288777617216340e+01
7.412288743111487577e+01
7.412288791933340804e+01
7.412288749761606255e+01
7.412288791247277686e+01
7.412288741261428981e+01
7.412288775280214281e+01
7.412288717325097309e+01
7.412288743739316033e+01
7.412288766387523253e+01
7.412288696317530423e+01
7.412288800257893229e+01
7.412288722106362115e+01
7.412288729162261802e+01
7.412288732278963721e+01
7.412288731420161980e+01
7.412372558049696636e+01
7.412300092444152710e+01
7.412300242361325786e+01
7.412300208107578214e+01
7.412300169610652745e+01
7.412300126825525126e+01
7.412300170832494928e+01
7.412300119608146076e+01
7.412300155538586921e+01
7.412300095705126068e+01
7.412300123407297292e+01
7.412300147032273401e+01
7.412300074101338510e+01
7.412300181908400987e+01
7.412300100229582256e+01
7.412300106967940394e+01
7.412300109437099138e+01
7.412300107596793453e+01
7.412300101405725172e+01
7.412300090821619847e+01
7.412300075801117316e+01
7.412300150778635555e+01
7.412300032272536043e+01
7.412327257771652000e+01
7.412331110223189512e+01
7.412334887894080282e+01
7.412338686840108437e+01
7.412342507120443713e+01
7.412319003951581919e+01
7.412319172298398939e+01
7.412319144977594476e+01
7.412319112926932974e+01
7.412319180500159632e+01
7.412319138890276804e+01
7.412319092781235952e+01
7.412319138901405324e+01
7.412319083174023149e+01
7.412319120070461054e+01
7.412319152390831789e+01
7.412319082017641847e+01
7.412319104846324080e+01
7.412319122968794716e+01
7.412319136341380954e+01
7.412319045830125219e+01
7.412319148656530388e+01
7.412319047927539373e+01
7.412319141419378354e+01
7.412319030255184771e+01
7.412319114238781026e+01
7.412319093042216878e+01
7.412319066704418447e+01
7.412319035171054793e+01
7.412319099763948316e+01
7.412319057968208824e+01
7.412319112683991307e+01
7.412319060418435868e+01
7.412345975631674833e+01
7.412322526969188630e+01
7.412322897072478156e+01
7.412322851085062325e+01
7.412349758278037370e+01
7.412326325150459638e+01
7.412326705192113252e+01
7.412326665423722716e+01
7.412353576919215925e+01
7.412330054621583031e+01
7.412330549477640318e+01
7.412330411209758552e+01
7.412357307009187934e+01
7.412333905509888154e+01
7.412334305556171898e+01
7.412334278059960013e+01
7.412334244830849173e+01
7.412361018385971079e+01
7.412337630086291540e+01
7.412338142227324056e+01
7.412338114971900893e+01
7.412338081850663229e+01
7.412364839038339426e+01
7.412341463053873269e+01
7.412341981333936758e+01
7.412341845643351235e+01
7.412368484451056361e+01
7.412345125063700380e+01
7.412345654171582510e+01
7.412345741260631371e+01
7.412345713210518738e+01
7.412345679004938859e+01
7.412400503263542362e+01
7.412352718835043675e+01
7.412353278217865693e+01
7.412353278834578418e+01
7.412353273310357338e+01
7.412408211375314693e+01
7.412360480317815359e+01
7.412360962882253546e+01
7.412360880776051886e+01
7.412360904277707618e+01
7.412360921578400053e+01
7.412360932615179365e+01
7.412387312341030565e+01
7.412364038858773085e+01
7.412364631163393369e+01
7.412419327867876007e+01
7.412371655103336821e+01
7.412372291416249936e+01
7.412372358548719831e+01
7.412372409880246948e+01
7.412372340115825864e+01
7.412372378874695755e+01
7.412372295227446273e+01
7.412372320614740318e+01
7.412372339353922257e+01
7.412398192003985287e+01
7.412375201848563222e+01
7.412375936560906098e+01
7.412430580547183467e+01
7.412382953790968543e+01
7.412383735084621605e+01
7.412383800861907446e+01
7.412383741251704805e+01
7.412383793248045549e+01
7.412383719049019248e+01
7.412383756967952309e+01
7.412383787882723141e+01
7.412383691376474815e+01
7.412383707748995221e+01
7.412409717796498398e+01
7.412386651662409065e+01
7.412387408516619303e+01
7.412387549919472463e+01
7.412412673905673444e+01
7.412390001511826654e+01
7.412391016392660958e+01
7.412391408099435353e+01
7.412391300121744564e+01
7.412391307680434238e+01
7.412391307567398258e+01
7.412391299697844715e+01
7.412391408832257866e+01
7.412391260339816768e+01
7.412391354263024823e+01
7.412391314862500735e+01
7.412391267258530547e+01
7.412391338016254849e+01
7.412391274119623574e+01
7.412391329110739946e+01
7.412391248547348255e+01
7.412391287421588970e+01
7.412391318268264229e+01
7.412391212189788803e+01
7.412391226369827280e+01
7.412391233438626159e+01
7.412391230944160725e+01
7.412391219962327682e+01
7.412391200396167790e+01
7.412445054888348750e+01
7.412397660995546289e+01
7.412398476105903455e+01
7.412398887932019420e+01
7.412398896050507346e+01
7.412423607118044799e+01
7.412400935331174878e+01
7.412401887925443589e+01
7.412427109959604365e+01
7.412404598313864312e+01
7.412405702653060757e+01
7.412430911150676138e+01
7.412408423051178374e+01
7.412409408729777738e+01
7.412409977783433135e+01
7.412434885586780808e+01
7.412412278117459152e+01
7.412413273494385635e+01
7.412438434160466727e+01
7.412415851179734716e+01
7.412417002095597240e+01
7.412442146109714258e+01
7.412419726622269422e+01
7.412420755014065321e+01
7.412446024670204281e+01
7.412423487315612647e+01
7.412450881325550256e+01
7.412427940019021833e+01
7.412453353390434074e+01
7.412431015689321612e+01
7.412458437304039194e+01
7.412435547279999071e+01
7.412460969180823156e+01
7.412438688373332241e+01
7.412439826756283878e+01
7.412464803471198138e+01
7.412442401817709481e+01
7.412443557066970357e+01
7.412444268261039326e+01
7.412444681111021794e+01
7.412444649517094319e+01
7.412444607030360544e+01
7.412444700708411460e+01
7.412444636527393982e+01
7.412444561046180524e+01
7.412444621712032244e+01
7.412444671712360389e+01
7.412444620363517345e+01
7.412444594920592067e+01
7.412444611834051500e+01
7.412468876154001407e+01
7.412473255731541144e+01
7.412477055616282939e+01
7.412480731888575747e+01
7.412458084676617887e+01
7.412459258014058605e+01
7.412459813097764538e+01
7.412459901479171265e+01
7.412459825611996678e+01
7.412459890866260537e+01
7.412459790630356338e+01
7.412459832188191911e+01
7.412459861904804370e+01
7.412459879637735582e+01
7.412483984359883493e+01
7.412461306610101985e+01
7.412462427831816569e+01
7.412487119143469272e+01
7.412464623517706741e+01
7.412466078047020801e+01
7.412490741379491510e+01
7.412468428450594615e+01
7.412469899859880229e+01
7.412494537465772737e+01
7.412472246827388744e+01
7.412473734979205631e+01
7.412498346351617329e+01
7.412475914331491822e+01
7.412477419547535362e+01
7.412501664925511591e+01
7.412479586449103408e+01
7.412481108584594836e+01
7.412505660259509455e+01
7.412483437706512746e+01
7.412484976129996994e+01
7.412509499811459079e+01
7.412487131169258703e+01
7.412488686169437813e+01
7.412513178441071204e+01
7.412491010372109201e+01
7.412516320151456739e+01
7.412494516285840973e+01
7.412496113517525487e+01
7.412549612313230796e+01
7.412502740951835278e+01
7.412504054966979083e+01
7.412505075342113514e+01
7.412505620945891849e+01
7.412505697615949884e+01
7.412505759676380990e+01
7.412505633847626996e+01
7.412505665585543113e+01
7.412505682138613849e+01
7.412528570181461873e+01
7.412532673972346231e+01
7.412536453885667243e+01
7.412540265790011063e+01
7.412517905422397746e+01
7.412519259234289848e+01
7.412520243538548925e+01
7.412520858300831605e+01
7.412520923113270044e+01
7.412520971968646677e+01
7.412521004660280255e+01
7.412521020976411990e+01
7.412521020700094709e+01
7.412543302879873863e+01
7.412521078221443815e+01
7.412522726442206533e+01
7.412546782722243677e+01
7.412524577556712302e+01
7.412526239458524913e+01
7.412527328475805177e+01
7.412607323370515644e+01
7.412536309601759399e+01
7.412537882269423051e+01
7.412539064122778143e+01
7.412539666934497973e+01
7.412538741130731523e+01
7.412539500868595610e+01
7.412590456219234625e+01
7.412543746758083785e+01
7.412545521139830385e+01
7.412546510567365488e+01
7.412569438474295680e+01
7.412547372547807356e+01
7.412549146173122949e+01
7.412550319186927084e+01
7.412550891260613639e+01
7.412573298012313217e+01
7.412551225640359576e+01
7.412604929889823779e+01
7.412558493048759090e+01
7.412560327910523483e+01
7.412584290999937764e+01
7.412562316876532975e+01
7.412564162334471973e+01
7.412587871897333969e+01
7.412565914577618287e+01
7.412567770418952762e+01
7.412591630545938415e+01
7.412569689070706147e+01
7.412571554527059448e+01
7.412572786285662119e+01
7.412572764658528968e+01
7.412573342158674450e+01
7.412572239066966517e+01
7.412594847408686860e+01
7.412572868616967980e+01
7.412574680701878549e+01
7.412576053404194454e+01
7.412655125516614874e+01
7.412584343395221254e+01
7.412586258231900160e+01
7.412587726184429471e+01
7.412587894825077228e+01
7.412587611056414971e+01
7.412587733268399859e+01
7.412638273282190937e+01
7.412591974069259493e+01
7.412593884589290383e+01
7.412595339169553199e+01
7.412617435136013455e+01
7.412595797474519088e+01
7.412597694937588244e+01
7.412599129897667183e+01
7.412649484960645907e+01
7.412628690836166356e+01
7.412607153681618399e+01
7.412609136265390930e+01
7.412610648408060854e+01
7.412632337169011976e+01
7.412610797222271231e+01
7.412612763701694973e+01
7.412635729757536751e+01
7.412614433513654433e+01
7.412616401704859470e+01
7.412639289995267688e+01
7.412618241223357529e+01
7.412641777128978049e+01
7.412621705237295089e+01
7.412645211704418102e+01
7.412625415446959209e+01
7.412648894788172527e+01
7.412629137511007116e+01
7.412631167807104760e+01
7.412632698725610680e+01
7.412710495326774662e+01
7.412640757620778231e+01
7.412642891880318530e+01
7.412643088740162511e+01
7.412643940089645866e+01
7.412642835294562360e+01
7.412644145401044682e+01
7.412721494669769129e+01
7.412652086654770756e+01
7.412675671833767410e+01
7.412655446320211183e+01
7.412679249558786410e+01
7.412659058092010866e+01
7.412682830468217787e+01
7.412663180385271744e+01
7.412665407901803860e+01
7.412666341465174469e+01
7.412665205030253901e+01
7.412664538126553282e+01
7.412666151777145274e+01
7.412665157429499629e+01
7.412665938044013103e+01
7.412715130661199225e+01
7.412692853357675915e+01
7.412673517816180890e+01
7.412675693560665025e+01
7.412677315209468532e+01
7.412698530888906134e+01
7.412678391489926355e+01
7.412680527811920683e+01
7.412700522617453203e+01
7.412680939583614759e+01
7.412683060099456611e+01
7.412684610285795372e+01
7.412846965266714960e+01
7.412704780217407574e+01
7.412707218874595583e+01
7.412728379173108806e+01
7.412708608576519964e+01
7.412711032297144698e+01
7.412732064884477268e+01
7.412712304051021306e+01
7.412714710758902470e+01
7.412713143204967992e+01
7.412734522112754121e+01
7.412715034829494698e+01
7.412717389394316569e+01
7.412717135089303611e+01
7.412717412414664864e+01
7.412716780930691129e+01
7.412715518234004719e+01
7.412717705900985266e+01
7.412736816463356604e+01
7.412738535087692071e+01
7.412744742373101303e+01
7.412745917860902978e+01
7.412728281461716051e+01
7.412731463400662335e+01
7.412751295606496171e+01
7.412732770354189427e+01
7.412735327319133205e+01
7.412755618600412788e+01
7.412736491159745356e+01
7.412739017778415018e+01
7.412787578890157647e+01
7.412744091018949177e+01
7.412746666907612791e+01
7.412794524119227901e+01
7.412751119762990015e+01
7.412754057137053110e+01
7.412801816831020574e+01
7.412809324461250071e+01
7.412766136145690155e+01
7.412769254074117953e+01
7.412767857331482446e+01
7.412768648131905991e+01
7.412787118644996553e+01
7.412769296625475590e+01
7.412772623114562975e+01
7.412819669381617871e+01
7.412777164805839902e+01
7.412780542557844399e+01
7.412855633730640648e+01
7.412788183549899657e+01
7.412791699121081024e+01
7.412810855394047849e+01
7.412792292370252767e+01
7.412794414973390644e+01
7.412812656985174442e+01
7.412795453669339452e+01
7.412815277218977883e+01
7.412798108116196261e+01
7.412818863980288597e+01
7.412801726217418263e+01
7.412824153589571097e+01
7.412806340673030547e+01
7.412855368290509261e+01
7.412832078723766926e+01
7.412815514221374258e+01
7.412838581951899641e+01
7.412821326401797251e+01
7.412869883901115031e+01
7.412828305741336976e+01
7.412830131306542114e+01
7.412876751274909282e+01
7.412835625871311152e+01
7.412836726520265529e+01
7.412883936875435609e+01
7.412842900447684258e+01
7.412862727632474957e+01
7.412846160868151912e+01
7.412863942192625188e+01
7.412866749335142913e+01
7.412851797320782055e+01
7.412853227956033209e+01
7.412901535417236687e+01
7.412860695854467963e+01
7.412861739535155436e+01
7.412861157533238554e+01
7.412860881819251802e+01
7.412879539879057234e+01
7.412863434514724759e+01
7.412882733038082961e+01
7.412866647568806400e+01
7.412885798777197977e+01
7.412888127720371756e+01
7.412873742135563759e+01
7.412922034457413645e+01
7.412881707857734170e+01
7.412929151682710938e+01
7.412905867058191234e+01
7.412940606770470708e+01
7.412918179393315654e+01
7.412903551006567682e+01
7.412904525361363994e+01
7.412922078492634625e+01
7.412953823730242675e+01
7.412914864000443060e+01
7.412914540761096305e+01
7.412914548118786229e+01
7.412960638531423285e+01
7.412921757313918647e+01
7.412939272972573690e+01
7.412925288858588146e+01
7.412997526419634653e+01
7.412936084547743576e+01
7.412934757998480961e+01
7.412953304881099825e+01
7.412940434464793782e+01
7.412985517889970311e+01
7.412963688893101732e+01
7.412951485720913070e+01
7.412995981625563502e+01
7.412959020401343935e+01
7.413003424667326158e+01
7.412979745324484782e+01
7.412968841685660948e+01
7.413013557915164142e+01
7.412977420221241687e+01
7.412992565724141514e+01
7.412980890966400693e+01
7.413022877923337717e+01
7.412987386589487926e+01
7.413002640430657664e+01
7.412991125321929076e+01
7.413033191863635807e+01
7.412997867722509682e+01
7.413039789420407999e+01
7.413004611595697213e+01
7.413047387587891990e+01
7.413012354838129170e+01
7.413053982990304291e+01
7.413019095362396627e+01
7.413033547029699832e+01
7.413023111430480583e+01
7.413092917418708794e+01
7.413033796760511507e+01
7.413074417256335380e+01
7.413039959759024100e+01
7.413055000604239808e+01
7.413042872566170161e+01
7.413057607896537604e+01
7.413047593861644202e+01
7.413114111392852124e+01
7.413056171259863447e+01
7.413071658422329335e+01
7.413060275906758534e+01
7.413074904510615681e+01
7.413074888627332371e+01
7.413077609411899971e+01
7.413080303863807785e+01
7.413171577141298485e+01
7.413089734069845349e+01
7.413262403533295242e+01
7.413125415850349498e+01
7.413119030206706839e+01
7.413137980339459432e+01
7.413117692037013740e+01
7.413117622109412252e+01
7.413134198328609159e+01
7.413119470404264177e+01
7.413136279278444363e+01
7.413140479634853364e+01
7.413169040520037356e+01
7.413150708054405413e+01
7.413151304834278221e+01
7.413139765850159790e+01
7.413211423006717382e+01
7.413168027078833688e+01
7.413153034671698549e+01
7.413174731044438204e+01
7.413156517714681115e+01
7.413156212856033278e+01
7.413196983226846726e+01
7.413161734194814301e+01
7.413202854843814293e+01
7.413183300703705925e+01
7.413186186247085629e+01
7.413189666927482335e+01
7.413178339629099867e+01
7.413219434281505471e+01
7.413184368257600454e+01
7.413253799766891916e+01
7.413194452468525242e+01
7.413234351966859492e+01
7.413241783336351887e+01
7.413207853180333018e+01
7.413276162587740714e+01
7.413217967393538288e+01
7.413234322099039275e+01
7.413234490621259454e+01
7.413223659471069027e+01
7.413262323411423438e+01
7.413242739840987383e+01
7.413251173620692214e+01
7.413254464256208109e+01
7.413308471568787184e+01
7.413249829873909391e+01
7.413287598798194722e+01
7.413254891634052512e+01
7.413350610440437549e+01
7.413282701486760118e+01
7.413290602057327305e+01
7.413289264075424967e+01
7.413278300724971359e+01
7.413343578754913210e+01
7.413287729638349788e+01
7.413381592947987997e+01
7.413314414187030366e+01
7.413317451358578580e+01
7.413345135932782171e+01
7.413313512645027004e+01
7.413349843700167696e+01
7.413332961651741471e+01
7.413334644623273562e+01
7.413337029609995454e+01
7.413340033913254956e+01
7.413342872012952967e+01
7.413344689076738803e+01
7.413370865574225377e+01
7.413377683648316463e+01
7.413360983865914022e+01
7.413386034310092043e+01
7.413374538025890104e+01
7.413395044984274307e+01
7.413378161928390853e+01
7.413460537509547521e+01
7.413382320981820328e+01
7.413444760762529029e+01
7.413390447038750608e+01
7.413508092725423637e+01
7.413406376700481815e+01
7.413423849943815469e+01
7.413432383810717852e+01
7.413443953025164035e+01
7.413414220176281333e+01
7.413532026253562890e+01
7.413431472139065193e+01
7.413463727850759710e+01
7.413449458640643286e+01
7.413472352211695693e+01
7.413457784358332958e+01
7.413508099195928480e+01
7.413494288972022161e+01
7.413465132979347061e+01
7.413656078632169510e+01
7.413514659982807586e+01
7.413530532045353993e+01
7.413524955859934096e+01
7.413523558666445012e+01
7.413522592126510347e+01
7.413516977439915934e+01
7.413515807803422319e+01
7.413514211071723992e+01
7.413520922073600161e+01
7.413510100476227649e+01
7.413504121221011189e+01
7.413581013633890393e+01
7.413495170724483785e+01
7.413580061135709798e+01
7.413496165588580311e+01
7.413569881854218124e+01
7.413487966875098323e+01
7.413550108993642596e+01
7.413495749533895207e+01
7.413543445907212970e+01
7.413552997828978164e+01
7.413581697153277617e+01
7.413458777373820396e+01
7.413485289131882894e+01
7.413456731371401531e+01
7.413592683168064923e+01
7.413562057441811248e+01
7.413576574950769782e+01
7.413552677295066928e+01
7.413567762430146502e+01
7.413551692199050080e+01
7.413566134863269497e+01
7.413545939189820899e+01
7.413571092714751387e+01
7.413535501917512249e+01
7.413574975805946110e+01
7.413513793522434980e+01
7.421286781375016517e+01
7.418438781927432046e+01
7.415119101944895874e+01
7.415116705246839501e+01
7.415120161145217992e+01
7.415129347280121408e+01
7.415125791960841184e+01
7.523373990798478417e+01
7.429566401698006928e+01
7.429610409793674819e+01
7.429639459670559631e+01
7.429601315517135163e+01
7.429657944216171472e+01
7.429703785603945221e+01
7.429532297502592542e+01
7.429744084826799622e+01
7.429585395119390512e+01
7.429517032611359184e+01
7.429738846061071911e+01
7.429503690873391974e+01
7.390949004112017917e+01
7.424526030738076088e+01
7.424412275289093088e+01
7.424538373403436253e+01
7.424344078376240930e+01
7.424511703523504025e+01
7.424391806252796755e+01
7.424302705942200475e+01
7.424541545490069439e+01
7.424267540235896945e+01
7.424296484538611196e+01
7.424542314938692300e+01
7.424259613569678606e+01
7.424287916033532042e+01
7.424542262517910274e+01
7.424254153428312009e+01
7.424289549398353927e+01
7.424539905066070844e+01
7.424256310017996441e+01
7.424271130380471106e+01
7.424533980492282126e+01
7.424344933555158832e+01
7.424277127122277875e+01
7.424541510241866149e+01
7.424224295030946053e+01
7.424265565793514554e+01
7.424531308949083552e+01
7.424356589117620331e+01
7.424259161335133683e+01
7.424541155469256637e+01
7.424199829603270473e+01
7.424260309819227643e+01
7.424536496068857616e+01
7.424268998646245166e+01
7.424251232134297140e+01
7.424542256397941742e+01
7.424177073878438193e+01
7.424219039060473335e+01
7.424540378937015817e+01
7.424177418251565541e+01
7.424220753619748336e+01
7.424542367673623744e+01
7.424149666249567758e+01
7.424224569800011864e+01
7.424535511565738943e+01
7.424266896484797940e+01
7.424533759325886706e+01
7.424236415389194121e+01
7.424185633258551320e+01
7.424542230794727971e+01
7.424117960711302544e+01
7.424155888817580262e+01
7.424535781567138315e+01
7.424214197501802914e+01
7.424159780443137890e+01
7.424542213544764024e+01
7.424084487593167125e+01
7.424157118571525871e+01
7.424540293425079085e+01
7.424080915846391804e+01
7.424126797749984519e+01
7.424541872742082660e+01
7.424045891842347089e+01
7.424109759471757286e+01
7.424542239343992378e+01
7.424022846406460019e+01
7.424111761174749802e+01
7.424542228083778639e+01
7.424001273009702118e+01
7.424403697631814225e+01
7.424332181319547885e+01
7.424324623860705685e+01
7.424524957158764948e+01
7.424525697547231573e+01
7.424064324206287324e+01
7.424532318205484671e+01
7.424109830850994740e+01
7.424030211305861826e+01
7.424513710796105670e+01
7.424181205594928201e+01
7.424474643882504665e+01
7.424202381227696890e+01
7.423937139758868398e+01
7.424475362240950460e+01
7.424416466938247083e+01
7.424471492429033503e+01
7.424517472748902946e+01
7.424446926764014165e+01
7.424006586831941945e+01
7.424540854818178559e+01
7.423803598362265177e+01
7.424293294972952140e+01
7.424537432924883262e+01
7.424024233753139868e+01
7.424449730887943133e+01
7.424129727497511055e+01
7.423827764899338888e+01
7.424526466422850035e+01
7.423958681377574464e+01
7.424380357087309790e+01
7.424486574651962201e+01
7.424389380339722777e+01
7.423746486743843320e+01
7.424463340387181631e+01
7.424326673904283780e+01
7.424523803904669705e+01
7.423917166564957881e+01
7.285099968929429792e+01
7.405781257184733590e+01
7.405185523048683649e+01
7.405790035941460303e+01
7.405045587712568533e+01
7.405460120995992668e+01
7.405794299933735658e+01
7.404883856372089213e+01
7.404767034064337849e+01
7.405708152476498185e+01
7.405565902190015493e+01
7.405789492950050601e+01
7.404627244617796578e+01
7.404751444809215855e+01
7.405681267288443337e+01
7.405583629240459231e+01
7.404552533614440790e+01
7.405646287909306125e+01
7.405780850166310358e+01
7.404863478884234951e+01
7.405218216001399867e+01
7.405752376464465669e+01
7.404877476092548250e+01
7.405281196024407109e+01
7.405794822433503555e+01
7.404266477154921233e+01
7.404211885448268049e+01
7.405370693184210040e+01
7.405706913483942344e+01
7.405647855311184458e+01
7.404808873290585325e+01
7.405394914013356811e+01
7.405799024104554462e+01
7.405106202862523901e+01
7.405372177930779287e+01
7.405519933039327896e+01
7.405799766406185825e+01
7.403471778102174028e+01
7.052373383321436506e+01
7.358086517329698495e+01
7.358195496024498539e+01
7.356596386377408692e+01
7.355788858128379104e+01
7.357389606842998830e+01
7.356237387327774968e+01
7.357156464184842548e+01
7.355661662694470238e+01
7.355488810448963477e+01
7.355267777064297263e+01
7.354831055147741381e+01
7.353146516275577937e+01
7.352022970556005532e+01
7.350764478898116749e+01
7.348925207023731332e+01
7.350966435485975126e+01
7.352900129033243104e+01
7.353283551339090707e+01
7.352988580021542475e+01
7.354190664540385569e+01
7.354233029670814403e+01
7.353721915247133722e+01
7.353784117945424725e+01
7.355864569012882725e+01
7.355045354707841909e+01
7.351461616315332037e+01
7.356371885366715446e+01
7.349526213876032443e+01
7.349432133857200711e+01
7.356561973032452784e+01
7.352375022491960976e+01
7.351939266175251930e+01
7.355339012170155399e+01
7.356134759421712488e+01
7.355307315294398052e+01
7.355322283483305057e+01
7.349218877388270244e+01
7.347213051414085783e+01
7.351333333120723523e+01
7.356570294379000075e+01
7.340304669863778031e+01
7.335417552202261504e+01
7.341360880572742076e+01
7.350660744001245916e+01
7.331429155482734927e+01
7.333103694297950881e+01
7.328172153423196278e+01
7.345317902183471404e+01
7.318090784688658346e+01
7.328344213700586351e+01
7.324158447154569274e+01
7.331193745408405960e+01
7.319359543927555478e+01
7.304734188839267972e+01
7.305408009062573171e+01
7.537755242794834487e+01
7.601861286722763111e+01
7.421746267572876832e+01
7.449569414699722358e+01
7.686758753406080302e+01
7.730279292598807217e+01
