109.55689754162
70.0455874456303
60.4522650746357
75.8914063329641
74.6316971843942
63.1427064915821
70.2915470793044
67.3242415141921
67.7105184876857
69.4484099152892
66.6412669767813
65.1439291610686
67.620015943531
66.7709788773882
67.5602174982078
66.8005292544056
67.2575871591241
66.8112079698246
66.583022532803
65.9165647909506
65.6033281489532
64.8143166290494
64.456606152797
65.4721210640682
65.3110991929053
63.1980774917906
63.3836847922316
65.9758561955832
65.6722692183722
63.2504807204672
65.4142508067645
66.3125358325544
66.4313524532132
65.196795637269
65.0184500541464
64.6064902303469
65.8639013607147
65.3344963692964
62.461609846261
65.7710316374192
66.8779433896805
64.0878663566064
65.0980274845018
65.2359560414742
63.4928543364103
65.4400180724517
65.12113608107
60.5246611088008
65.3296946650708
64.3999696699707
64.6398663697167
63.0176319608547
63.4013613843766
64.9213260332352
64.1375473228766
64.7843852196946
65.0965574040614
64.1165273459772
67.0156959900554
63.8266393198851
64.2605874680543
64.8789515283785
83.4288337027225
83.4506189089226
60.9528234357141
74.4817203267845
57.0115001414589
62.514952611992
61.8895234967026
62.2725290088037
78.4569072121531
83.9669224017645
71.064610444669
63.5339092159785
62.4807297382962
101.366375620816
51.8395379555328
65.4477429212016
77.9562268680769
88.0453706394863
58.0930716906044
96.6061347503326
78.6546818655929
62.6629470396579
67.8280582928282
91.1486844737775
70.6493547298423
82.3312666455508
53.3109072850295
56.0579244783031
98.7494397599833
87.9940552365671
65.902972051596
70.996926362989
61.313846950866
55.3010500150494
49.3510341494829
71.6244873703918
95.6596952530097
70.1485962278171
24.6808492569592
89.4977391923136
40.1747556044453
59.0601946113663
90.7345208378788
58.0730651757011
46.1846695180568
60.1762563483433
48.5385347972017
47.7465329709354
67.7365903071392
109.507100086029
80.6163826553695
67.3005654473405
69.3999518908159
105.651039131824
55.4742497665425
59.7487802074128
61.6560932526899
63.4531933790332
64.8309683709491
66.1488418518851
65.6103882623042
67.9326546839004
67.7057067252613
67.9412552813669
67.8409298263903
67.8110313034097
66.6932330990455
67.663769824512
67.5077021775933
67.3716924573237
67.9621169633813
67.1610348967084
66.912065889136
66.7411834673984
66.3932290952504
66.3823175262002
66.2920871625224
63.6578746391569
65.9053625755328
65.8534497739737
65.7798448482303
66.7993804952582
65.767622448099
65.5732192282173
65.5036487922427
65.3659011116219
65.5054633329847
65.3768964099469
62.7162694505352
65.3025187851114
65.3281801095715
65.1477024802021
66.2618064520544
65.2765497092532
64.9895881422968
65.0708486646541
64.8591591595335
64.9908729770437
65.0603309409468
65.0216873970266
64.8045517275288
65.1162809997054
65.0572503519122
65.5407038036666
65.2089005258653
65.1199990897202
65.0571516587279
65.375171443282
65.1413190474373
65.0652763888466
65.100514363862
64.8144791166203
65.0515444206855
65.0114757032332
65.5128831776504
64.8646824185456
64.7446052429532
64.7632454663517
64.9111315998216
64.8847499079347
64.8263967801951
64.837004133231
64.6233061298903
64.613089620447
64.7957136899684
63.5162344914747
64.7929284887467
64.7711063777699
64.5903935947608
65.3908127305913
64.8113107943941
64.7818828435838
64.7905661847941
64.5564445128366
64.7751253746503
64.8271547055852
63.6081229698506
64.8074764591344
64.681869095151
64.8200521083298
65.4450810651175
64.8657579385518
64.7522730875359
64.8111346942766
64.7123797506442
65.0294537412569
64.8497903405621
62.4918331205469
65.205166454984
65.2934924071314
65.241542800994
66.3159355623074
65.4328659992486
65.3771137844016
65.3013909746074
65.1137373408232
65.2726270027142
65.1947904305422
62.4791249610844
65.0620635557014
65.0900413784387
65.1343653137273
66.1673532184307
65.026822267391
64.8687904772651
64.9189986250852
64.8704919211825
65.0122987710478
64.9772377814572
64.9086267770044
64.5960043724243
64.998112922283
64.8099611782505
65.3445348732142
65.1091478993464
64.8344209304063
64.7984583603776
64.8571706764443
64.9852682521637
64.7964331597749
64.9447113985548
64.8536987259138
64.8363493887164
64.8819898664731
64.7858957845034
64.6656880973607
64.5153462770483
64.9171385531896
64.9010162587011
64.988604179889
64.3946404405345
64.8258300423282
65.1492099324083
64.914069158496
64.8698745118753
64.8077490458828
64.7823549383907
64.3942039794966
64.7725600760173
64.5096347860737
64.9997474967962
64.7815236431159
65.0794491491901
65.022553522378
64.966646528035
64.7463942522639
64.9826247567802
65.2938413447732
65.1923139313604
65.2517507542964
65.1849240392862
65.1340655028712
64.8979953206292
64.9611480636098
64.8247649565508
65.0158609267807
64.9692953312272
64.9589039976007
64.793149453963
64.7136502083676
64.6176624855871
64.3605703613028
64.5981880356484
64.8081779180983
65.0320859397577
64.956383032035
64.6129453476498
64.9167630402546
64.9237764031621
64.7735846112015
65.0205356253611
64.3458905521843
64.9546273974736
65.3003781586612
65.0071167000123
65.2457865664743
65.5264756368331
65.1184596095114
65.1736383944888
64.4294221251839
65.158863506906
65.1976607300191
65.1292627660113
65.0808634384552
64.8476261105538
65.1296109243405
64.8510856300311
64.6943629758005
64.8749954997347
64.8055390711599
65.1858081876925
64.5236088886411
65.3022347473602
64.4547438674313
64.5157038693118
64.3792631635714
64.2967770845353
64.7713969644314
63.9287040588009
64.0257556935607
64.1063076767223
64.1645653418623
64.0977048134435
64.0029966834561
63.7861594006968
63.926121928598
63.715979068381
64.0874952255215
64.1646433530959
64.0490156588005
64.3567334081051
64.1304659905899
63.6413306133446
65.0643692719246
64.3853247985224
63.1136058530561
64.2154012267933
63.9836549741117
64.4823236779405
64.0996845659466
64.7469477675872
61.9823822947434
64.3164850649899
63.5629406952655
65.7850188407467
62.781633545983
64.61406402941
64.7902296739802
64.61270563237
67.007278032551
64.6986783202226
64.8018993623953
65.1715392085404
64.9022889554823
65.0031859195658
64.5685638562233
65.0584723556644
65.2898807979324
63.085784649566
63.5381568555657
64.5280990942856
63.5692422349269
63.9938839891606
64.1566500429201
64.1978836996871
64.2454109182112
64.3966710996205
64.4935010415529
62.0785434393446
63.695376253168
65.6856850122253
64.9216299865413
64.9386513800975
65.0037831084805
64.1137835562831
63.1663666807321
61.3395343790313
64.3830362552527
64.8344654309883
63.9017900005341
63.3533361529538
64.0641814217561
67.5013335113991
63.927667456133
64.5744026242357
63.7262592878037
63.9586352963996
62.7751840325374
64.1888916916753
66.5672650127101
65.2651003898021
63.9336723551277
64.8656207823926
63.3802450205771
64.879804591853
59.5239120398125
65.0089537795381
64.6490271066165
63.2669500445809
64.9416207097687
64.6933847510873
63.0643567078035
64.5090522597622
64.3713932357925
66.17654234069
58.0210196707042
61.3210865960917
69.3385769704701
65.0024088922902
67.5685062010897
60.3480424157618
63.5346085853778
64.1640360566666
53.7686096353158
63.0276538989219
51.5822065183125
62.753204576266
80.7431144719746
82.6985078823391
61.2880512454393
79.5744435502982
59.4402782587654
82.7362783482894
90.3094587077608
66.0907580998939
61.352456509946
61.3352585112376
64.9174885742453
54.5593210195588
88.485969169401
67.3225829281425
52.9264539173978
99.6552149303159
66.9883724348965
69.5928134868215
68.4815804847339
53.1061712025777
92.1539143177253
63.4813086001703
76.9936269204397
70.8341011783043
115.904194429522
83.1997799412889
55.7875198572902
47.4530273626135
47.1489832118081
41.7351858677824
101.964994388339
101.649656800198
91.1298564640245
72.1643804930261
64.6618938526792
38.008646546768
96.9653867165638
60.4085949873173
55.1646627744766
92.4034854711687
58.6348353587521
58.7089804094229
62.5612252152163
63.8842190957838
64.4874946487784
66.6104400885872
66.6479934288018
68.332449466165
69.1853905611256
68.4815244831221
68.0679479639751
68.2344920599641
68.1634867717498
68.7671456762865
67.6087820389168
67.5382343380348
67.4529117669629
67.2544102273161
67.9356641736001
66.9771288477283
66.4106595928541
66.4306820862067
66.2922515571181
66.8755565904869
65.9837744512975
63.802043282243
65.7608666133896
65.3574000986776
66.0438415867212
65.5734752041987
62.9461611014573
65.4687305014382
65.4677685709036
65.665185942727
65.4938653692088
63.1041210278342
65.4080432952014
65.1511856355992
65.0790936487851
65.0887126484198
63.7981531488346
65.435641662199
65.0858421062142
65.213200261049
65.126151905452
63.6866236139233
65.1235673747647
65.1182937434374
64.9990200303876
65.1616912884958
65.4193445470183
64.8901801791608
65.1409630895189
64.7632362543432
65.4446752625779
65.6744756520037
65.178442503336
65.2179639923271
64.7029731142555
64.9840308919708
66.1743116238184
65.0075470749299
64.7158945317922
64.7251595817418
64.9634557320556
65.7851086471201
65.0427133050518
64.969311608976
65.0637758912977
64.6517170531182
65.1271675816836
63.9515048596783
64.7888356469132
65.0763760685376
65.1901781505007
65.5830497160403
64.8946610962407
62.4506464187941
64.1672057537162
64.8554931031022
65.1430648697135
63.8972854754497
64.9508705763505
64.6791740015519
64.7698883703552
64.2373139966085
64.5521273146942
64.7797297347236
64.9048833216519
64.079655345638
64.680910569752
64.7174491925783
64.9951519685514
65.1480469928074
65.1506308581546
65.6613505797576
64.8248127174054
65.0592781621833
64.8803319668082
65.7358868177092
65.0892402697585
65.407537610347
65.5363463713082
64.577739187747
64.7999264100958
65.3089655885226
64.9715238490069
64.7905597562611
65.3312796352827
64.8329578319198
64.5677320651681
64.8825762124992
65.2993504703686
64.3858107121154
65.2694129903519
63.0557850955074
65.1504113647987
64.9121745536835
63.957538795806
64.7293038039977
64.5160160528873
64.5146091353106
65.1059331478114
65.3490896892963
64.935358342661
62.695736114356
64.8753720290855
65.0949987661033
64.7022768936396
64.74596062375
64.3602446820465
64.9781394138896
63.9737887151236
64.4358401384568
64.1683626376754
65.4090041785068
64.2089986913639
65.5723000025819
65.0943707342633
63.6770311712395
65.0058997860242
64.7216388843478
62.2867641960111
63.913390164391
64.8057974754525
64.73414634249
65.0611332395791
64.2612951409802
64.8387407455381
64.7733380595222
66.6532949211732
65.5692489298605
65.138087622407
66.0757546438825
65.5237384894959
64.2476510543698
65.4728634936136
64.4343315509966
65.8848360789123
65.7135544657935
65.4615652951659
64.8161884027193
65.7251811766021
65.3170457640463
65.9477438022112
61.0180782230913
66.5992352965836
62.3039599726534
65.8578948621668
65.7765600308097
65.0398682790849
64.3800159044295
64.7063590000998
63.0649689352177
65.5741072348894
65.0645861903236
64.9405045600389
66.3374679561298
65.2396735797311
67.6066678660216
63.7712309846083
63.1277938126053
58.2389675504636
64.8282506963376
74.8688492625391
65.9930453012019
62.0584479418706
66.5453486909522
63.822086769535
64.9640750930346
62.4176761518393
66.2425091101065
77.5833465126741
64.9406074782486
77.2172103789335
72.2123119412155
70.2883350432744
64.9330145466527
64.7963717306365
61.8883823939479
62.6310879272955
54.7002291913698
56.2132195958728
62.7608191419224
61.406207590167
60.5608062652853
68.8605738173264
68.6956406571019
58.4848579802511
76.6023819285758
83.7611211584544
92.3082700301213
72.8588295504904
84.1511369842192
74.0608724119241
61.753123109637
101.865040555463
54.68961751462
77.1342539862148
79.5750734876111
49.9401536784389
51.5091840324635
54.0270098814209
81.4387645596424
52.5225633071552
56.6231914166533
60.4955193691326
114.070109889757
87.1008940583001
112.977569302426
55.4578788560981
104.683220238579
77.331795047865
46.5533549179392
82.5395860372763
66.8093299372667
76.2262858344563
75.6796930177526
112.625150809806
61.7069216604416
60.6050261081546
66.7415751715937
60.6759286689829
61.5910271590757
65.5660792041267
66.4958965572073
65.7831605084351
70.2869384100677
67.0854222804287
68.7862726849506
68.5611437750062
67.7793963039246
68.1325216494345
67.6574697635745
67.9814606190668
69.2696142949074
66.8355248642182
68.3278648438168
67.6413254009434
66.8843853471019
67.8607622710819
64.5235200798022
67.3300298656346
66.7480651028761
66.7860550508751
66.9338538462568
65.9427860323504
66.9162941071315
66.6704673707278
65.3534875326561
66.8150202057513
67.2122382665935
65.624692987137
66.6587983750993
66.716356932883
66.7685083742398
67.6961737334812
64.675463213241
66.2549576102993
65.279660420977
67.6945112969248
65.8923759761884
65.7918279549748
66.2994161083963
64.7366308497026
65.6677279835083
65.67802954207
65.6642948899026
65.5747051245029
65.3309895492864
64.9110223773546
65.1535213437412
64.1874473628091
66.1866448330274
65.5052460733721
65.5490916339122
63.1072591021167
63.5584144342158
64.6676351355432
66.0703029771321
66.6584527969712
64.8196047641393
62.3259854260105
65.7748012303694
64.4861065045428
64.8270656347495
66.4183183727797
66.269259471131
60.7792818061807
63.083238495459
61.4211313228092
64.2836705522863
66.0126296392989
65.2636572718911
61.8463576318984
64.2201140290574
64.1292927966236
62.5513801984782
63.5106364602067
69.2885629467408
67.1187681599418
61.3248215159231
61.5865906077476
69.0956227108447
59.5771386310342
63.6937436149322
67.2385655939597
55.2684646559749
76.6418679763853
77.5305141148304
73.0058820562647
62.5862919059116
65.3213623350209
65.5171417753133
58.0353312166384
74.4573435657104
63.778756790553
66.3398503047052
42.8698292240687
75.1907529608127
60.6839317341467
53.9457114735876
97.9007428971262
51.1863805103866
57.2448267891631
59.7999783849256
61.1605687827408
51.9725589548254
63.9569961147225
67.6281331799542
69.4962834318621
56.5731356526462
62.3848085197489
52.0253802681152
100.4315209292
76.5380009964439
61.8332503465755
70.9839400451933
76.6506501233395
65.512963138371
60.2092024215821
77.9215463117016
48.1246752811341
26.8428140238362
94.8853298785516
78.6710581760798
41.1412946949756
58.1870334755396
63.3491531510575
88.0442162086986
86.7463963866335
87.4011303388526
72.7940750009384
88.0026900922683
51.0321050273816
95.8075980768595
51.1569261495667
40.5155844771937
80.807431096725
47.5616308390924
72.1616032912492
111.251819811936
109.208117666147
50.2760400859971
73.145952227231
35.7410054394631
78.4655796524856
60.7709824081472
60.6809953871144
53.1964167270845
83.000061549985
60.5528264262877
32.0228695297968
60.0333065469037
65.4705041711364
56.4773990271583
78.189307800854
62.2680208419953
100.021781487245
75.5472351747485
62.9935613195588
65.2197642810143
62.2696094287714
67.8642621797923
88.7211194394271
58.790558763401
88.7680152868474
71.8237560331198
76.6323978482205
52.1671017556722
106.565531580874
55.120725418148
59.4976579322517
61.1246807279154
62.3709524813059
63.5204432774258
64.5301777411889
65.3703801327287
66.1215231927142
66.7856585206029
67.3746111198116
67.5561986901378
68.088364512097
67.8132153767552
67.6240696877059
67.4065905678809
67.2145571185445
66.9996710282639
67.3727561366274
66.7195704022884
66.4361715235473
66.2279102595608
65.9674175459569
65.8174177838597
65.6919466148757
66.1483050861719
65.6354800347086
65.530394059491
65.4117233725428
65.3055436652918
65.2624120550381
65.2394738405218
66.1778209842784
65.4029207045044
65.4005149977973
65.3888172663603
65.2859543089037
65.2316297039055
65.0926691348748
65.9287281472855
65.1367762995831
65.0124200805196
64.9989120757134
64.9083148650831
64.8936897288241
64.9957409963001
65.9874071424753
65.3228036476917
65.3194984236226
65.2735312905111
65.1758346371199
65.1541699977517
65.1401861920099
66.099082208884
65.4830605059639
65.5326983069052
65.4824600944122
65.373845084593
65.3066562663012
65.2506181390528
65.6411196909408
65.3800643582434
65.1563777117762
65.0105629516401
64.8017534618146
64.7007616292763
64.6427441649401
65.0233895323069
64.7097760826116
64.6173900450787
64.4866808020854
64.4459113499444
64.3582392302003
64.323898336675
64.7710863711387
64.5991242239093
64.6420134095425
64.6334839593212
64.5451367200449
64.4846335754739
64.4566488192346
64.8811136279007
64.5979232324433
64.5189690875923
64.4263737411161
64.3244014473567
64.2830687800261
64.2142834310393
63.2403638234495
64.3922466946558
64.3727920295821
64.4012642865346
64.43918678457
64.5453665218917
64.7541998105247
63.873284257214
65.2139358780931
65.3323737314892
65.4033157015228
65.378674459227
65.3237539420579
65.2734408076728
64.0928019896798
65.2013641587632
65.0676031011898
64.9850233887925
64.9148935543925
64.891812829696
64.9117123484441
63.7779849500473
64.9260296011746
64.8492066531119
64.8270132774772
64.7873184185537
64.7524746876933
64.7220161058509
62.5103805773453
64.7343542228879
64.843434148937
64.738026960627
64.6386204045776
64.5637558468166
64.5001136770706
62.3012529997072
64.6312883774259
64.7433086241086
64.655580878484
64.6471131837263
64.6084248427324
64.6116968046061
62.4426177790621
64.7251012940237
64.9008065705272
64.8073225548055
64.8423019439349
64.8241302884728
64.8010699587748
62.6995583917978
64.8441869845613
65.0216523676826
64.9142904892698
64.8043966453152
64.6865561185504
64.5925375358875
64.4392979379302
64.4109183225834
64.6528134882937
64.8112134970459
64.8032352960889
64.8872449385482
64.8977884937633
64.9134212177479
64.890895573814
65.1149428321294
65.198829370562
65.2516491539638
65.2530832399891
65.1960826120859
65.1495681454088
65.0323257632485
65.1374952707043
65.0223163114583
64.891222039652
64.7756641233438
64.6700702092504
64.4564599908501
64.241942207961
64.3520506425429
64.3045614484774
64.3114433780994
64.3412286103745
64.3589546279109
64.419729569376
64.3863949595072
64.9677486280595
65.0834699268316
65.106790504642
65.2055182332764
65.2041532372628
65.3489207528919
65.3532481156428
65.8652367516881
65.987409913778
66.0218770940489
65.9450944936193
65.8867129215213
65.7618604150678
65.7164750358422
66.1484026246219
66.176111692263
65.9974074174834
65.7649598218497
65.6531702255191
65.4182631572991
65.2940984820858
65.2935827489022
65.2059131542389
65.043646509222
64.7114730205238
64.4382534943792
64.1134146591047
63.9275256260378
63.7988539436594
63.6556579242241
63.4157366345138
63.0547094247815
62.8750193041436
62.736858858744
62.648359462684
62.4765924726387
62.1881226293473
62.0492774900106
62.0085540706355
61.9899813043139
62.0594834591981
62.1787208217183
62.3609084800162
62.5647919516505
62.719587568475
62.7161239875452
62.7507349486695
62.7852340117674
62.830812410048
63.1112390504363
63.26829687282
63.3853236969361
63.4198469301028
63.4454245648458
63.3150746207442
63.7732213404828
64.0340170012951
64.4129079048157
64.5750809350036
64.9693845803245
65.3389061259136
65.6599958886938
65.9505857341959
65.9939673687166
66.0292148924137
65.9805224635009
65.9351320481764
65.6959881184488
65.4491312988296
65.3586062557895
65.2794014778674
65.1378900972739
64.823317142947
64.7826149084458
64.6861747230654
64.6993576753836
64.7663229621301
64.7604140761218
64.7864375536684
64.8718830707107
64.9979776402228
64.9114300945371
64.8659351697926
64.5978763326574
64.2495065407459
63.7633210917145
63.1708371840487
62.689956656237
62.1032029010113
61.5636720671592
61.2252813881157
60.8305315677603
60.5158900431696
60.2315398334591
60.0658805997443
60.0920336185167
60.1961695982261
60.3013028439357
60.3606673459124
60.5290901975937
60.6205606487691
60.6706422275188
60.9264960651869
61.0475228275049
61.071539904198
61.1040593743658
60.9548476473374
60.8983420775867
61.0096623279333
61.2404150496472
61.5316171160133
61.8576213402797
62.1330020149885
62.1965246414478
62.3289863928175
62.4634149147678
62.6811420954076
62.7012745460508
62.5906270197745
62.5125064163206
62.2965500573472
62.3538049106404
62.4528720854669
62.6703657019262
62.6897362963702
62.7018085596535
62.6863360108347
62.7073221921986
62.702590411943
62.6737467386835
62.4127981896273
62.499311783936
62.5162041368831
62.4800565033202
62.5096125044277
62.5493218223902
62.9405566950576
63.5233602290969
64.1747519334416
64.4630643663908
64.5366220562588
64.42919513565
64.3528535648485
64.3196044160416
64.2242570280335
64.0712813478042
64.3118009433008
64.2454329274676
64.1186994408673
64.1074397578475
63.9402709900958
63.8696557194502
63.8041911935741
63.9032723665816
63.9700982247085
64.0721514367479
63.9897103984376
64.0356175735719
63.9431670143188
64.1916905933145
64.2683451660214
64.2633328333591
64.1517239176843
64.2371205828343
64.2334458084726
64.2146712231378
64.0724896187126
64.085109230914
64.2066156891347
64.338311288036
64.2860766512471
64.1977472130786
64.1428771505015
64.1459264425353
64.2916250630669
64.4486027129213
64.4082472266905
64.2953487586015
63.7930149728224
63.5491245552403
63.2118887780864
63.1930536211574
62.9997209453752
63.0834513340124
63.2320174760745
63.3648279877303
63.540195412622
63.8928337871879
64.2480917457741
64.4121795168946
64.7119998559553
65.0724031770582
65.4951955786914
65.8112779382201
66.2667887844625
66.7048292482473
67.2052698363992
67.641492929525
68.0346036163035
68.1776293032688
68.3988354368534
68.4622098798791
68.6493018638811
68.3768104218478
68.2052199055215
67.8707243215363
67.7623438408032
67.6315428381792
67.3120092568338
66.9879945604177
66.7753274122896
66.4706275432271
66.1556145896088
65.927034488008
65.6237451421603
65.4507957453986
65.1569268993377
65.2450748802387
65.0846771388004
64.9342942984928
64.2582916884315
64.6654076865036
64.3990867459237
64.1724537168664
64.0811305615438
64.1150215774065
64.0053126924175
63.7795951484899
64.0970136466285
64.0140452724067
63.7475533313145
63.4602391676178
63.2285037023244
63.1910874427443
63.4956476954761
63.7127460899935
63.8217229287596
64.0531209932572
64.4761801451625
64.7881881905271
65.3158474551807
65.9572489700073
66.5853903789926
67.0578438245966
67.6226141092805
67.9513666421054
68.1252711016049
68.2500041462801
68.1343569222751
68.0473450724839
67.9813088412188
67.9801552922982
68.1866643709253
68.1913494731112
68.3776411415211
68.5496228689619
68.7117328713335
69.068055393682
68.8637343252678
68.7555162891088
68.771096722219
68.6993576409331
68.7169512874346
68.6103954230707
68.5905528193066
68.7238849142911
68.9256599782352
68.9559701751082
68.8098486580296
68.9893355840113
68.8535092342738
68.6597943362203
68.7757523799087
68.6902992300282
68.598062365935
68.5493721218467
68.8243147437889
68.9201617416616
69.081382191621
69.3698846419438
69.6772713740386
70.0828334902496
69.772843642051
69.3585776703533
69.3387753972207
68.8765262874679
68.5431247971081
68.1810818401427
67.9580904516671
67.6884334481042
67.5663383658135
67.4405617384102
67.648141575152
67.7003041407537
67.2070237054174
66.5921063512621
66.741534344625
66.5483069236488
66.182911521394
66.4241154282817
66.3200994982515
65.7252606754235
65.8844976351196
65.9052846410852
65.6632077447863
65.3659938711665
65.1842488151272
64.7038353494835
64.7040468364644
64.2753725760628
64.2632003223067
63.8807643685227
63.6123868481343
63.4896818650681
63.6619350800873
64.0553798014049
63.819690846021
63.8348843125642
63.8940370881913
63.6970781668113
63.5260525175149
63.5616216294728
63.8068311699302
63.7936422034168
63.5550408051408
62.993780572629
64.1539563570827
62.3220421440536
62.4122049619809
62.3943441261641
62.4002970034121
61.2511207941732
62.5091563457122
62.5334725777508
62.5879754163308
62.7599266998646
62.7691654109867
62.8366454442052
63.1957832795581
62.9740184874692
63.1787520222079
63.0922246431142
63.2779659907796
63.5049002567743
63.5441780835264
63.582580702677
63.4029339892018
63.2869759064196
62.7421671697507
62.9235495036928
63.0975322425919
62.3966844289731
62.4042409770355
61.8658782346077
61.4908681908224
60.8768193685873
61.0531838611447
60.7200107161879
60.9049829240226
60.3038047793921
60.4673904158439
60.1312601366144
60.2281001398981
60.1995997913282
59.9737476301017
60.4822586652379
60.4163081203829
60.5496694469853
60.4844179186366
59.7761765808543
60.6901342697135
60.5768684690448
60.528600298424
60.1467123985195
60.1542673033049
59.6733974613164
60.0716952351244
58.5162738965221
60.1421269093183
59.7804637282337
59.4904207499523
60.0233025488233
60.1122111340971
60.4050519656075
61.049858395128
60.9727972541338
61.2747137546896
60.9841165578825
62.0394089547192
62.0194227469283
62.1420565877734
62.5621341042095
62.9048641045729
63.1961064459107
63.0246747016818
63.4935875183492
63.1428801030745
63.8729109794546
64.1880806874516
64.180222062984
64.4919402915201
64.9847165672207
65.4894677897269
65.4319148695959
66.2992300449445
66.0929686179396
65.337625510188
66.7754757446496
66.4514056154111
66.4866486994712
66.4756421742803
66.6108796947437
67.0168990219364
66.5787128829909
67.0114582024816
67.1824203034216
66.7309621349485
67.137863807025
66.7598317223513
66.536575071073
67.6228660994784
66.0252660386974
64.2828494705613
65.6131068160093
65.8613870534273
65.598126397179
65.3622260212993
66.3273970187693
65.2251447184703
65.118009084015
65.2980764881946
65.2444724115726
66.6593039077219
65.4380725500971
65.0644329811882
65.0538296346171
64.4729909231358
64.6639591438125
64.6706694083298
64.548445679011
64.2698861139713
65.5453953283824
64.0898426836244
64.0192079501722
64.1715946449339
64.5200036524705
64.392394282782
64.9890226806822
64.8784557267478
62.5871144377614
63.6042708126108
62.3210459464678
65.2174392860236
64.8923396072723
64.6081443903385
65.9461112488271
63.0434623803041
63.3462108997811
64.2391361827178
65.3337764107533
64.9545009341395
65.9589561257076
66.8669765661456
66.1110954228486
65.3164647539043
65.3904396847377
64.92005605904
66.2720260927401
66.3077734230093
65.6671561566803
66.0538050793427
65.812811128273
65.5702954905573
65.9107860016658
65.8054478931875
65.2195123329127
63.9878981100302
66.8704781822945
66.4848195440326
64.5596626050139
62.3751612125188
64.581100987662
65.6666169580825
63.9364808156929
64.7140512138438
62.5149248873286
65.5091614379388
66.7600023651744
64.5175202097431
64.694857510504
62.8582944626531
62.7399127875217
64.9793376479799
64.0646191860255
67.8623165122433
65.4247736452894
64.2957752514668
66.6119474900026
64.3650421243452
64.3817723851572
59.6888981603102
65.1269494683147
64.3658742057119
64.4977386126179
63.0167835187363
63.3531425645845
64.6289611299596
63.2365294316822
64.9371663958755
60.5709917111263
62.4290933426865
61.4692068976895
62.8606362677615
67.4305766573414
65.2529438238554
62.3664891828031
62.2063109001983
63.8432314594447
61.7167648074059
62.5199162804374
63.5097154046894
64.1070287058405
63.8654599569496
62.5742503316886
64.4438571876601
63.4193356682879
64.8770144187994
63.5402430736259
61.3198707352228
63.7266801992171
64.7632681494713
64.5775214344945
63.4181119419838
63.8386579284263
63.2321696476557
60.9454102740288
66.9449812298319
65.9250040496944
60.5356747987267
64.0345596582556
63.6016015540798
62.4706745780839
62.1305052145489
64.192372114547
64.3836703694943
62.2477449881535
61.7693487695441
66.2981721075137
64.5434967582041
59.1551859043685
67.4457399663338
64.4066978985104
63.6222501627679
59.7902148357519
66.1468731022513
61.1529275593519
59.5942045290418
64.3183278212707
66.3091769485807
62.7990031618747
64.412459110564
75.5055991897589
64.4148229910617
55.52710334722
64.7479210857764
67.8156638100166
74.8817173329158
59.6082328457173
70.0489063971235
65.1079470709686
65.4677089229089
70.1539874233454
62.5417309272557
62.7486674459484
63.9625243368531
53.8668574649703
62.7053699388082
61.242874447448
72.533885766397
59.1665080514887
60.0990741405416
57.0006582456455
56.6356011904878
70.9924182838875
75.0084159493462
64.0019902815557
86.7077505626959
66.7469459262833
59.9484136993349
57.6499896898597
64.1410801621704
86.0161878508287
64.8944591185405
86.2408550520335
46.7768250345361
65.5995247689382
74.9906811349333
61.7540415978253
58.1467795882702
87.4382290428801
75.5217146561202
89.9609734495335
54.0945098525936
54.7214827692466
54.9108708599181
47.8187519079
40.6039758769344
57.6468154378503
77.5875214531353
88.8316352896585
79.6257390043663
62.845727513841
70.5008143900393
90.2925537634172
45.6643019297233
74.7558679131697
65.4978728175253
114.265229842584
43.2134238444651
70.5791259681557
86.6160924555893
91.2937355129494
64.6194031129478
49.374130118917
47.5399996662089
55.4797277816086
61.4700329416191
44.2986461487145
77.715991359295
48.224549239078
66.4823457704814
43.7384889186475
65.3934511946556
71.5526710519629
75.7927853656287
92.1739628452867
83.769738533763
53.9189897737345
46.2583173177646
76.4043615183425
71.1108322973109
119.095837677028
62.526941040476
59.3598312189513
66.5317259233638
57.8688373947998
60.5224826286532
67.8477573022209
37.6928325003806
53.2884210394381
35.5102351503824
37.175267886013
53.9320774136585
66.5488414172528
55.3865243487939
39.8089517425458
83.3567126464178
72.0928418155985
80.1631158907771
40.2295743279723
90.3366218601702
63.3665568494366
59.1316015216603
77.7127906158849
84.1566365979715
77.3509570115263
40.8556187546588
78.2556401452778
82.1620794570072
67.5453309944269
55.1101731237166
112.199073846885
66.0625072344273
59.7142582522975
90.0859177703389
55.8438972225767
75.1642320972299
66.4188645316165
54.0919685637909
75.0629185836323
72.4580463289445
58.1351548752888
56.5396398447165
63.0624865223643
62.7689735636718
63.6959993481246
64.3147554091693
63.2597078028742
65.7918949606877
64.3010082976932
66.3617543474654
66.3319807021095
65.3824061507639
66.6236592525775
66.0749838524999
66.8099362834367
65.4435052655345
66.6962865721919
66.8074050404204
64.7268608674489
67.3933675727943
66.6880655019204
66.9654258310422
67.2676423612727
66.9866065107841
67.3178701418215
65.9286130323001
67.2828346802387
67.3583724866671
65.4401781477929
67.053792928778
65.8914176682686
67.9783987583168
67.6693367580228
66.4954792167247
68.190291872306
66.172835343563
66.1734230692844
66.6415113480207
67.2325360171906
66.7751953337048
66.418623231741
65.8884862440308
63.8971381129018
65.5926045223371
64.7879317588245
66.8049719967408
66.2103006771451
65.2748243729173
66.0705958148739
64.3943581377336
64.3599238549672
65.3764768364632
64.315307468725
63.6136071599826
65.2788716616351
64.4991075968794
64.1356311203034
63.7982208312455
62.7294416885078
65.8732820392311
63.9130506646399
62.3858274196172
63.7636032420422
65.7602627764705
66.7777056315523
68.4689340074232
63.1460605542815
64.394564366878
64.5837231080104
67.3833728711246
65.4374457459228
65.1410235040052
65.7235155589551
59.4421389734165
64.7226563511628
63.4944304805104
60.7752813492536
64.1787071854093
66.869672696359
61.4343300964672
66.634870423366
64.0980260281876
64.6067070481809
58.9563428702143
59.115975918909
64.843959065814
59.7933426484498
63.1426765950151
74.2027847007564
66.2956238543786
52.531237525143
76.0078765134241
60.0151922631307
59.9814524314909
65.6497824261095
62.0003592969449
61.7483749715748
66.9686201224671
61.6699933384863
78.661639909623
66.6490222436308
96.5459425736321
62.5739207943999
74.9466478174268
74.1726171863167
44.0214455568591
96.3140585677746
74.7449364506349
57.010878275823
96.130396825758
60.6191115352814
53.4264740374403
63.3562453962706
73.6299443930379
53.6837520288542
50.7780176224676
90.7809105218247
81.9821626123587
46.0451722514484
58.2327379338638
64.5676681577921
82.8965461256531
83.0734162588592
76.142057663968
80.4039256094961
90.6038149571756
47.1998199997485
109.919706536856
46.7540363386464
35.8403890624783
74.1866965090371
54.6970304859746
72.0039391381111
110.963503812649
106.82995611191
50.2761227259961
71.2432053648149
35.8157298392384
78.9087453209231
59.2782450520704
60.0832750422716
49.0256523943503
79.1297202330855
59.4866776040642
30.5374820359468
59.3258262897187
66.5087060029917
82.6718841478453
57.795782820413
60.5790427610989
62.2922748906786
63.8899746631727
65.2764232521805
66.5076708993227
68.0905148206371
67.6992228983817
67.6378913904774
67.8308929920626
67.2510248114455
67.7346454400517
67.6739390244326
67.5183999357906
67.3838289157077
67.2307355261106
67.0722283482274
66.850694423536
66.7884354477539
66.6228582572363
66.4654778500858
66.2754255854982
66.1603071632157
64.0164079828019
65.8862683775946
65.7773814367256
65.7015677523303
65.597059557884
65.5353430208671
65.4623620345222
65.8415489070076
65.4797998838702
65.3366030222672
65.3208709725017
65.2856528168877
65.2511990147984
65.2100551424062
65.7058711128815
65.192440776841
65.0551133393579
65.0082186095631
64.9882752493095
64.962048076273
64.9413244535154
65.0970284594959
65.073458923216
65.0034371544606
65.0367040256758
65.0303913016708
65.0177199391064
65.0367598449315
64.7441589842929
65.0701154989985
65.0399053244092
65.0540174072426
65.06023349494
65.0513590358414
65.0350043260939
64.9272279153147
64.9938608990301
65.0080605269164
64.9038808603797
64.8567590990484
64.8241053483026
62.7056757956545
64.8285348875987
64.8206310543393
64.7992294991026
64.7703763777922
64.6969385983507
64.7346594170022
65.1530701671829
64.8211809692619
64.7276389322036
64.7127174177942
64.7141713951289
64.7418300222832
64.7456445324591
65.34665554331
64.8422198712182
64.768122450294
64.7779876360142
64.7793031400311
64.7439183969762
64.7067975014899
64.8211723814884
64.785598709175
64.7670930134338
64.7419292941343
64.7586659846682
64.7703818085305
64.8214387622086
64.5830977433615
65.0431994893358
65.1303324363973
65.1714140052723
65.191934908603
65.2082332463611
65.2359424189749
65.1518308867292
65.2176858777274
65.2072799691
65.1362195060799
65.0835141725395
65.0261293559133
62.9553378291912
65.0372176377782
65.0599905372189
65.0300901356689
64.9694785009836
64.9257325773333
64.923412936491
65.3615685444586
65.0193092952637
64.9459337390737
64.917921958862
64.8757985056828
64.9126412080648
64.8514099513341
65.4541774550732
64.9710965425061
64.8600419720521
64.8516167158919
64.8805224249908
64.8929890621147
64.8504178498842
64.9859432428239
64.9665776161102
64.9314345070734
64.9341492661883
64.9327041962873
64.9210872560737
64.8782281470755
64.6992608628906
65.0488520754273
65.0174766732011
64.9004009500036
64.9615283619427
64.9949249722141
64.9425579326719
64.8656318558126
64.9624183532866
64.9067558548786
64.8242109013974
64.8525513549102
64.8224326386332
62.8499897023423
64.9659668520317
65.0418333170018
65.1021027975415
65.072659908984
65.038540751761
65.0749750210985
65.5941019726505
65.344431248556
65.2952872253874
65.2914372029267
65.2441167891879
65.1831407134793
65.1516193461985
65.6926504006428
65.1926387123241
65.0759417693301
65.0473061601842
64.955678407065
64.9010440583769
64.8348583075414
64.8721489998619
64.894009694708
64.8853936268612
64.9124183454064
64.8999920165534
64.9114294562104
64.9896013208515
64.7409250528468
65.1110351057089
65.138161849633
65.0779520287941
65.1466634446001
65.2315030728314
65.212259504193
65.2211914719803
65.40094431601
65.3636334807126
65.2891770124814
65.1966810340098
65.2132960600472
63.1118585572712
65.1620446843714
65.1185114576407
65.0568705069348
65.0290059465786
64.9418777616314
64.8774076429454
65.2844117475338
64.8994838356546
64.845387067036
64.742189919114
64.7418170893477
64.616457008376
64.5618664134518
65.1144869633608
64.541389195046
64.420441831114
64.2732394111435
64.2376392189542
64.2191405150209
64.1958593256574
64.2428775360574
64.1141182523327
63.992286825888
63.9928457746477
63.9952396000133
64.0433487614207
64.0761374311908
63.727763758248
64.1289200943206
64.2049594187557
64.1541420185752
64.2393687369562
64.2297999840216
64.1770655185341
64.1766173123934
64.2526056432982
64.4485753456366
64.3942915137705
64.4443200715944
64.2622117497032
64.4666990962237
64.4661724017998
64.6138391911447
64.434922020701
64.5904638583514
64.6208677468681
64.6373441558803
64.7912492975882
64.6715898801581
64.6901184012962
64.7156163188586
64.7114337248842
64.7178586147595
64.6997348701018
64.7256504791305
64.7362063577839
64.7736119789717
64.6463131101358
64.6767001080887
64.6457813218237
64.5987765616386
64.6425278903307
64.6439235812725
64.6393348508331
64.6453439243405
64.6400169339572
64.5295723417501
64.7031185345018
64.6503551499493
64.5734224492654
64.4874407879783
64.3430646189077
64.2525342104392
64.0398826134471
63.8707227836296
63.8527496864632
63.7089606839883
63.61515836049
63.507303874813
63.4782015121552
63.5004568782917
63.5439349633473
63.5903877033168
63.609859287917
63.7017435228445
63.7070327282515
63.7418323614134
63.859591139393
63.879046415055
63.8626529919057
63.9087880747304
63.8080713409604
63.7514253188682
63.7592833236234
63.8536767932442
63.938278587699
64.021936331387
64.1216686438769
64.147280925155
64.16621149886
64.2227409544925
64.3479697041749
64.3360548992496
64.3022807974326
64.2773357766109
64.130234069391
64.203584405565
64.1800303335366
64.3382645385676
64.3041998249603
64.3461739053442
64.3611903574744
64.3903383381152
64.3796885520588
64.4028756218207
64.1834196644311
64.3293912341485
64.3132977522575
64.2810409558557
64.3416676181994
64.2387724716055
64.4043496772662
64.4816375614928
64.6261204286495
64.6355594825295
64.6445768914469
64.6611351664879
64.6729236216555
64.7464300035394
64.7358971167117
64.5659599631448
64.8037073351359
64.7521786888574
64.7009469615731
64.7569707761634
64.7274478435774
64.7713961314915
64.6536991697148
64.7774331374048
64.7430376157045
64.764616806014
64.7619064301886
64.9603371734316
64.7367244484322
64.7702304261754
64.7332075150007
64.804516458781
64.6466820552467
64.7151831950931
64.727803138362
64.7329235317249
64.6024129491587
64.7293811585738
64.7385387209456
64.7525447374454
64.6619176434317
64.6935276650285
64.7063769221247
64.6269995011519
64.6176765805818
64.6584568910059
64.7124060133234
64.7779380896703
64.4733098540454
64.5515897377039
64.3772735947951
64.4753006306582
64.2708068332087
64.4530198824065
64.4787081759267
64.4956834096175
64.4308861515272
64.4333758844428
64.5215611658111
64.4613778435129
64.5089606748231
64.5285120391779
64.5794522471672
64.5750681634389
64.6371084051461
64.7003886210138
64.7921552327773
64.7868972210549
64.994831504396
64.8530400134795
64.8838897754732
64.7068399246132
64.8959382517249
64.7301319492786
64.843629906958
64.8442422792401
64.9246296506952
64.8679830063576
64.7741426301875
64.7173606581703
64.7188700489227
64.6622803801006
64.7167113439416
64.7056392013554
64.5124848523409
64.6484496318659
64.5175681074336
64.5936710651904
64.4062523636005
64.3665273794261
63.5715196134389
64.5918991275252
64.5268521218438
64.3987992116123
64.3420981200329
64.4984055975298
64.4744269801793
64.1522279978673
64.5183580876929
64.5206954212687
64.4580690056386
64.4454542093571
64.3606041858916
64.2564987962725
64.4312816342041
64.463315185249
64.3606678455817
64.3869086609962
64.6040899729494
64.5376695804776
64.6476901400637
64.7829960023801
64.8066945400287
64.759341717468
64.9307611454092
65.0366455666799
64.9222996050998
64.9618484577076
64.8190590887468
64.8686404189228
64.8559991399592
64.7834171856676
65.0242293323932
64.8796870504433
65.0667840867295
64.9350006263126
64.7578746865023
65.0961101608947
65.0235569625655
65.1250065510716
65.3398454274684
65.1389025419409
65.1689513656164
65.1573472390524
65.1904517925888
65.0115099529973
64.9932757264806
65.2638014515982
65.1143036523941
65.3617984910335
65.1503461860023
64.9590510101126
65.1787029702081
65.1804124546679
65.0696039428575
64.7772543746077
65.035133405233
64.8834264505646
65.0634092872237
65.1269455828648
64.9538273357797
65.583514914213
65.1912352259201
64.8510590662575
65.4612517032872
65.0339636900283
65.1916579868823
65.1331839202429
64.9865460874059
65.0757673817647
65.0457730156914
64.7812161699006
65.0607837459017
64.8790752080854
64.9235388165831
64.3826158584873
64.8140840879713
64.7391975184783
64.038965791629
64.8702101193932
64.9053720218761
62.0676372094814
64.6364185889604
64.7683709015152
64.6401439706403
64.6861717320287
64.7716046474863
64.3216608461399
65.2178088576147
64.7145155500463
65.0270932104685
64.6324375684134
64.4479519706906
64.368028605189
64.6233110882696
65.7237895281455
64.623536342993
64.69774232088
64.9255873346255
64.7203359815158
64.320235275259
64.1955903487328
64.6865153719529
64.7461857514986
64.5896600968136
63.992231668113
65.8913369950742
63.8074368963116
64.0637187316979
64.3001922033768
64.4090414566651
60.8405896303695
64.4142839198572
64.4026776056037
64.5422530590501
64.414320121794
64.2590713065636
64.4037704070411
65.3792431516362
64.4464837368489
64.8478473884879
64.2603557877081
62.4163421161249
64.8899575496791
64.7227480947067
64.7315132986225
64.1796323650087
64.3267854497138
63.389714101472
64.7868295522378
65.4363166388785
63.4979818811061
64.5231472601993
63.8250816298403
63.6473004029747
61.0837865782231
64.575950053919
63.2570991716561
63.9974033853304
62.1322497179202
63.4047193659248
62.3016521248628
62.9616483578065
63.3116324570112
62.4037980675485
64.2409877698308
63.7338252000875
64.0131256336519
62.9993203802445
68.6243765886219
63.1885726818913
63.6693281401585
63.8501788390652
63.1245855334746
62.7795339804443
61.1801783406539
64.1585607631431
68.5095451719332
63.4859087374018
63.4302184807636
60.9782431846378
63.6754675158451
63.2365895300587
63.9563463089242
64.6178836414787
64.5035130651777
64.6700316734202
59.8220783773493
64.8059165787186
65.3555272525634
63.5550554884261
64.968149160717
64.1289599477303
66.4588812142652
63.9636917794095
65.210902428906
62.2462647436291
63.7007998126739
62.4241272835044
64.5908511437441
68.9605524467217
72.6083746997381
62.4926608677946
83.086920458557
64.1107507430388
61.5221422148474
72.220662545358
62.1947771061376
72.9542405174525
64.2628449292963
56.364203435407
62.5644638510625
57.8623322926297
71.364585263555
64.6530603143588
66.1277882357818
69.693718239734
52.325250721541
73.2849573758199
61.504108855784
66.3923613258777
77.2222207213133
86.2471126705825
53.959186345372
50.6984599481817
58.9413009774743
79.8940446913412
67.1733601137586
57.0405730198631
56.7978493258343
61.2790005269934
57.8327264329751
35.4059669561309
34.2314293010493
79.549949863361
64.3478822338614
75.6971886763323
68.8945441031481
53.0684243597905
55.1617288971277
71.8195388034143
52.5028365122124
43.4252332454782
71.8098409186232
51.488089354092
52.7753659369088
58.6384725128958
40.6010617508254
78.8484894582092
74.7405217986338
64.6554238705297
60.7145111393247
89.2760839183701
60.6424448901625
58.4136560597457
69.5179198011729
67.6593476763304
65.6771265533425
67.4257214734162
65.2494002681466
70.9137305828943
68.3266666989798
69.5616596453692
68.3077720180468
69.0369915980969
68.3560637572954
68.2664549726272
67.1487539571135
68.0014042805868
68.1243061329789
67.2296667905916
66.1712334492286
67.5243685582996
67.0154396859286
66.8631349250222
65.9906226851337
64.5062622257817
65.7774913897074
66.8559289225148
66.0162280752652
64.9630933262681
64.1885117788043
65.9978645640552
65.9494965063596
66.1414485180474
65.9445188585116
64.9797639584945
66.0134951712264
66.2566263726383
66.1684254847511
65.4826958430939
66.2787969534831
65.5367867199516
66.1382847576145
66.7361705707761
65.8568357979998
66.8521469563352
66.5675263935413
65.3472652786127
66.0214541757793
66.2007564625689
66.9864624688211
65.9497577539428
65.6653534228369
64.2902190271598
65.5292349510657
66.0079154927479
66.7855395480911
66.3540202014459
65.6921815843873
65.8798594273287
64.8566735264708
64.8339828505157
65.3853085537163
64.5804641951789
64.4513239087551
65.0182177125001
65.1039167586225
64.4495283435763
65.3331642788641
64.7208859992306
65.9039016017508
63.726819488918
63.2639026046138
61.3909624659984
65.3690980426716
65.8046215919232
66.6666849755944
64.5110710892686
64.6425452076392
64.4708858731524
62.5150817780597
64.891746083496
65.0151543207831
62.3401701018249
62.9675414362584
64.6868299680316
63.3135694322863
62.8297899082021
64.452679348009
65.8874722931124
65.1028104288684
62.8960506473223
64.3439864494476
65.1256591396609
65.3943827367638
65.3067730937489
65.8882866338813
64.885362797969
62.3414490338609
66.0961156794455
63.4588745808857
63.1735466967008
68.3848856550118
66.5020679160947
65.0323908997733
63.4091884736609
60.778119176556
67.2667199055611
64.9477751210604
63.2895915455462
69.829811869118
68.3874262936463
71.3900539201199
64.694633062851
70.8076888363424
60.0288195389523
64.484583966323
72.8110992989733
64.4491895378072
63.1430830506931
72.6642381285714
64.201828232625
65.0749457082611
63.1925991589116
59.2249302899664
59.2870529121315
62.1372938400801
86.8168244971997
77.5476572441964
55.711323360456
61.0161954338113
68.8517876992766
74.7793159330152
73.1105033111461
95.2407997756039
79.1724912427741
92.7054586409313
53.3831828991118
108.819964418481
53.5972817431897
40.0994786363151
76.4864899374122
49.9751674337442
74.5481416174029
108.200109041994
106.709437682363
51.8362086442156
69.4689472726039
46.8820607692633
80.3919490015923
57.8409032417592
59.6039467665808
46.3197793394214
66.4087173054583
55.7149040771531
34.0782969402338
53.244928278002
68.3660603731586
63.1487144876712
72.7647229856006
59.0125773817674
98.3239232863156
74.2729410255255
56.8130278111867
61.8602670324681
54.8993572734737
65.8015214977413
82.8345406785788
61.4815419218495
88.9589142238888
71.0779254293348
72.2672513707571
51.1070985974941
71.7916530602063
95.7238536894447
51.7344127549089
81.7080175165371
69.2096328084701
68.9605184053381
59.2609814840992
59.9665848617671
61.456590268456
62.7929616736585
63.8739149635379
64.8670350259336
65.6750343995505
66.3930466468313
67.045026518106
67.5519221555884
68.099392666702
68.7960942118985
68.3073464349083
69.4999034822133
67.8950097769466
67.6797122833102
68.4226475710196
67.2753852331995
66.9752364549854
67.0748019626926
66.5230828617629
66.1489034345305
66.5267383023724
66.1599228343509
65.8022879972333
64.4600128020959
65.6761974063584
65.6243849529936
64.4062969612005
65.5718737828603
65.5961432008103
64.2662220432526
65.5817481795383
65.6367576440854
63.1404079848419
65.5759193481821
65.6626939867979
62.5795991259145
65.2346269026656
65.3592772843135
62.6660851010073
65.2136067079339
65.2276014913056
65.1445401320412
65.2945177848016
65.511146130392
65.4641879172128
65.4806170584183
65.5788083527369
65.5462988583509
65.5854824400438
65.7579217952153
65.6911697527247
65.5472556858684
65.9484848010805
65.8916299598814
65.6879356703707
65.9849749022865
65.8105832705988
65.4826021683577
65.9116142937709
65.2445326711081
64.8944711086458
65.0003192819382
64.8106166530815
64.6590732140117
64.9686098812745
64.8341216988243
64.5966704769958
64.3810905240874
64.7025233784072
64.5269865482938
64.6992552433989
64.6945104537611
64.3475456320885
64.6897295820657
64.7718447577967
65.0006151825177
64.7832492439197
64.676415282967
64.8905577836495
64.6998162213904
64.6372268445836
64.5930784861037
64.2315053856044
64.3739292705323
64.7629171016231
64.3965657297124
64.1876419893462
65.166135603412
64.4587197307531
64.6445038600865
65.5477330279945
65.127354394702
65.3607088627327
66.5785164696332
65.5467000129582
65.6299894030726
66.8785354044145
65.9892964578441
65.7889570909655
65.5799600575202
65.3212950123349
65.0713794522574
64.8028419130467
64.803124189444
64.7692374929815
64.8699617540884
64.7262960979885
64.4104220896672
64.2307879507088
64.2856290256941
64.3957629093628
64.3720949088606
64.3615724873772
64.257853564735
63.845130554873
64.2987426382421
63.9223020182479
64.0255645092304
64.2862988827727
63.8845534081646
63.8700982732141
63.9969865955227
64.2539141335941
63.89076045031
64.211079577779
64.0962435321376
64.094868055213
64.2001702624827
64.0664351331799
63.9038542017054
63.5503669598615
64.3940365702499
64.4046151222067
64.5780711190716
63.4398220323287
64.320187742452
64.9759504938531
64.5077981618657
64.3895325541543
64.2476866767022
64.1532858213574
63.359193715394
64.0398692021072
63.5495003729116
64.5946390510425
64.1935253470812
64.8424820532719
64.7049713271951
64.6047137994456
64.1160958034334
64.6339052879
65.2688462373126
65.0454575665166
65.1497165180023
65.0053594723082
64.8892900631598
64.3943214365664
64.4530344568572
64.1792086097641
64.5321454854862
64.4466131208211
64.4063730314897
63.9008134980296
63.6030147482221
63.3308679044028
62.8258531678152
63.4819130127091
63.9534266601834
64.4957374905244
64.3944772165597
63.7009302542029
64.4248315342287
64.461027276674
64.2195291674961
64.8848191440334
63.2973838733106
64.8815257123016
65.7758704125141
64.9200234549278
65.6291383562914
66.2871640819802
65.4212417996101
65.5766981643156
63.8461612284372
65.6933709407307
65.8508195146068
65.8652317206926
65.8182129813365
65.2120685690234
65.9178340766085
65.1049750945829
64.6745460453552
65.0871604429589
64.7552386641629
65.8991441325741
64.071220932872
65.9455431178446
63.5652156779754
63.6330269332954
63.1175775598022
62.740973684655
64.1123109173449
61.449777944074
60.9461740643702
61.9179096406158
62.10517466976
61.817116236203
61.5357836301116
61.5999088067178
61.113221121504
60.4857676973036
61.522003366778
61.5711066348506
61.7597090805466
62.8541543055133
62.179029100056
60.3473122759483
60.7506750930659
63.0441259456891
60.2158326629584
62.5112953662921
61.301860470455
63.0114031542042
61.5936748396322
63.4996463950672
67.2991911899419
62.2559163125381
65.3911553657697
65.3350282425633
69.2833400063352
62.4320156203737
62.9055239988306
63.0640658039896
68.3403868135462
63.2508990678818
63.5631901864811
61.9310081603532
61.1675179911909
64.39774237803
61.1654223677007
62.1057635154706
62.0697146680524
56.5825446414023
63.0572285236856
63.6723045252722
65.9328344503435
64.821247327725
64.6929033704545
64.9010568614103
59.0911595240902
60.099369757864
60.9484926400908
68.8553246242016
54.5715853637224
64.9765103581691
61.6155634640057
60.4892924051248
63.1262522856072
69.7937205959082
70.9913251129074
62.6811216414297
46.5925501438299
62.0539707313274
70.1029713917682
54.7001098728832
58.3063938840389
87.4940976228092
63.6669991376913
59.6310011741755
51.4689725053403
47.6689611493332
57.8746852825712
62.9327225305766
56.9894368328033
55.7966415287342
54.1027229891808
41.3549891973866
36.7140542763971
80.1988705997222
55.4551896732433
80.327868306117
32.3876154570787
56.1613339950842
46.0442890005806
47.7562386626772
66.9217619622327
48.2248278089272
70.9808724775501
55.9920045733401
41.8752934865775
47.6594364525079
74.7656880754918
74.4397413713715
96.3972802719154
42.3457294105747
94.5816216286664
50.915236665195
44.4776547899202
44.3479622705254
93.3052177383452
49.0827964935954
89.9819863140336
77.569665464866
67.4849382750751
77.7022297843421
58.7080853373402
75.4433757384814
98.4441593542078
60.2693040469571
46.6378164602334
55.8469402906755
79.8468677799512
43.2888871706446
85.6002687613361
63.7895073138903
45.5520126865512
101.952205980589
57.7002674361042
72.5651090343619
69.3769968546475
53.8964366448294
92.2030700575479
59.0426922646873
78.2131784254615
67.0878556332855
114.45541793382
77.3947570489112
47.5468387093651
44.681323417195
45.1742388444776
42.1598711969298
98.7998908277421
99.2669566723799
92.0819392019156
71.6324178530539
57.5369750057025
35.6520284310805
96.3582572625303
53.5567808091985
47.7505598561456
38.7099431657638
53.7651674371787
62.0592727923204
