109.55689754162
69.9090967452198
60.2443915005966
75.4699810136226
63.3518257085963
62.6853796803839
69.1381814537128
68.9323248147145
69.6387555314827
69.5946347517875
70.9203725831079
67.1775310705928
67.4177162730167
67.5682536669937
68.9250955579506
68.0847541248922
68.4183778069306
68.001977835717
67.6108498884255
66.8337227755993
66.5885194725347
65.5574809493733
65.1343577046372
66.0642591900015
65.8447935861261
63.7384776296746
63.8594411029894
66.306963687773
65.950361213657
63.6577337851759
65.7051830728276
66.5915677840999
66.7136271717574
65.6293209845818
65.2263352007076
64.9709116398543
65.8148464758793
65.5047281813672
62.8073782315266
65.745990805074
66.7719096103801
64.3198224419846
64.767363488331
65.140039148225
63.4878846340608
65.3544736596001
64.816683306756
61.7279416211474
65.6280152417953
64.9108330825395
64.2779606406191
61.9741991235765
58.3877581998237
64.7934480396544
63.958795418506
65.0994361068631
65.6316473348844
63.9178616390239
67.8305385933157
64.2926025127984
61.0789222984466
65.8710498026094
84.2903101981462
82.04773687178
60.319929857567
74.0536641490395
57.4147564563931
63.3833321838889
62.6643321114092
59.1041394894456
71.8733150765231
80.3240429215948
73.717079943124
57.2698785392469
60.9180647986637
100.381567004142
59.4430526205913
61.0537191812183
74.2903840986587
112.437133529893
66.8692487126356
94.5544998222434
92.4838055429415
68.6885594829486
62.0909423154672
88.9383528817138
63.363723770071
76.3846404554798
49.6365577793413
62.0985006816418
71.4970261936443
87.7669271197965
63.067443949353
78.3508082684705
56.6867742511789
57.7559869935484
49.1554977763478
71.5927012365151
71.9236256206831
62.210498928976
45.4504263621371
58.3755403175145
60.8412048851404
65.0323206234735
89.3928243587631
62.6211971223024
58.811648430508
59.104571991558
55.4203341665824
50.8790744380774
66.2153896960492
93.7230849373924
79.2378884711303
63.3340090260467
69.0499179982297
65.1714449280305
66.1643753590664
77.6472376584912
67.1237700485073
76.1951295993294
65.162794012311
53.0174167024782
65.6843634013716
91.4366488512922
58.5500357454216
47.1225623858677
66.3851206584899
69.3542005955117
68.0054619837488
65.0479395489259
71.1787598022267
72.8923510073386
89.7266667862034
71.0587203533781
62.9025122987988
66.8303793231938
64.4904634032975
88.2921980284167
62.7423844959126
55.5912203652735
67.3471882310268
60.0200796825849
77.6205090173808
70.7345340773133
105.185393538297
63.6600987762781
79.187773502483
47.8467601423016
73.6144503682428
51.888838776155
66.4189373784951
65.3724789499415
80.5846612337382
64.9784523429492
48.5491931128904
68.7414621558569
52.3300649855116
67.2700824057326
64.7961203635151
65.8330750220444
102.83712597515
84.4366790785507
60.4963380628656
68.2358162760982
73.470698319883
72.2378357875553
79.8281180733663
70.1823176921488
78.6790099828609
76.7094154899866
79.5322961783915
58.4134111543145
75.3104627242988
101.354286354897
60.0759890818575
89.9228674812718
66.6767452173192
55.7442930069184
94.1200690174936
72.2793124410656
63.6094144925725
82.6263052924284
57.272794423967
57.3159876574285
69.9415860143149
111.38899255615
94.0353332612342
55.4861340122884
50.7574024630243
73.4984796255861
72.0410772593666
62.3005609627242
63.9673966002093
64.2794652879559
65.8403293432123
66.6061319192789
67.3552441595045
68.0071940359161
68.0941007629705
68.7775065761201
67.1651956807044
68.5497803316481
68.0577013045704
65.7782519156605
67.4252301614586
67.1703152241557
66.9542990828991
67.7626340352848
66.5630960537289
66.281177373891
66.0491845458922
65.6765293403421
65.6759829174016
65.5733634335552
62.9459765413864
65.2463626433636
65.1992269212422
65.1208970471381
66.1846008490306
65.198663683445
65.0242834402274
65.0298261509406
64.637690485669
65.2134070929655
64.9026312889672
65.143672947305
64.0603566470789
64.8180392904598
64.9889033754064
65.3587838012766
66.6284238359409
62.823237209201
65.9249221714605
61.4800347422309
68.5885757610444
62.8990006281179
66.8722714273426
60.1092060173142
67.1176303683984
66.7124242907446
65.5203458568916
61.5851105402025
60.4948489574088
62.2838654705101
63.5814758086916
62.3659283440019
68.7729241284768
66.2295029941979
72.8108630204209
67.6950634466215
80.4157213031881
70.5929460493968
78.9528690134737
58.3295840600515
85.4318579081517
67.4465830456322
79.0145591830562
60.776580967076
69.9601475703835
54.370118479119
76.5691562345986
55.4131698229044
62.5971946479243
66.0388140966867
55.3107729540669
54.0571945629759
64.2957365398365
61.7802417031869
60.1169851293698
62.1357177860387
61.0803265061801
63.5336544583774
64.0147511677165
64.7343543808468
64.7353726653315
65.042855662796
65.4052922114137
65.3650474643469
65.6822417767001
65.709407477117
65.8457511382545
66.0005318158861
66.2690597916498
66.53493245605
67.079254290078
67.4793375717926
67.6123412673351
67.5601625096129
67.5428965373435
67.5180388715846
67.3058896914392
66.9665728267013
66.6179544122467
66.2233400803188
65.8472091137107
65.5645689381491
65.5372450108853
65.5596430009118
65.6844636013222
65.6487321319817
65.50577853988
65.4031730215476
65.4925330915995
65.6193820081067
65.6799039060509
65.7482787076798
65.8022864562757
65.7407255346533
66.0363547660271
65.9262662409212
65.9924091753448
66.1342414833366
66.0566967308015
66.1920560510539
66.3588362199898
66.5567323508167
66.4990339838602
66.712134630051
66.7496509057439
66.8462710412615
66.9717692673982
67.0023761947734
67.0317620988338
66.9737033905534
67.3255817123976
67.3919148632137
67.4914758626319
67.1212613408983
67.4487202563099
67.7058884846181
67.5920401021499
67.5689184067251
67.5336809891445
67.5205661340395
67.2690150433431
67.539244951561
67.4688903433567
67.8929594150753
67.8926234551539
68.2019872052642
68.2625674072984
68.3356227307983
68.2802630666397
68.5082514539299
68.8206679634474
68.9307270706285
69.082097656761
69.105122329668
69.1471750575356
69.0772780069643
69.1062651851567
69.048375322907
69.1103379067255
69.0681805384347
69.0007798343472
68.7333419389672
68.5231300637964
68.3609296270351
68.2520837793986
68.448234873918
68.6638443560893
68.8368651170919
68.9391198323518
68.9942811475766
69.3206668592891
69.4494051501098
69.4839142293638
69.6676222616084
69.4637690975458
69.7947397505862
70.0750425480525
70.0601463770534
70.2836836479272
70.5050222531078
70.3463794246051
70.1835396646607
69.7186514329981
69.7767087813018
69.5881396097987
69.4664806847708
69.2887858303291
68.9689099468073
68.8108539401419
68.3018355280419
67.8949182367074
67.4728344426052
67.0431567344547
66.8900377792572
66.2752032910458
66.0479000589608
65.2614542956463
64.8414087731128
64.417518384889
64.0265514991688
63.7280225322226
62.9834426907411
62.6600474752543
62.4108068662021
62.1837187485619
61.8810964846152
61.4992252998366
61.2266331553795
61.1341420118159
60.9453255641322
60.964770745517
61.0020523306752
61.0172066170341
61.2074155966725
61.2056701834906
61.0030284779623
61.3457588194936
61.1276214676442
60.7858748574558
61.314564020316
61.3510054429838
61.5490357543158
61.4369086534518
61.587806946534
60.7211497491599
61.7312040129905
61.7616302594685
62.6767263588246
62.1035732875007
62.9471168038344
63.3395184671773
63.6028287623294
64.4048734260672
63.9249906560015
63.9675484991992
63.9798957024349
63.8961673402422
63.8367359425565
63.6739129096342
63.7342373048566
63.6583559652546
63.7053319262381
62.7044965562246
62.891614669024
62.4751903045391
62.2289924847005
62.0962217898606
62.070501224687
62.1602973426337
63.4871693576494
62.5197212216449
61.6641016842823
62.8182997283443
61.9085239292013
62.3025085363591
62.0881745480105
61.894618548733
61.8938053384293
61.5559321047397
61.4115524345529
62.6864438714369
62.4947995188017
61.8336819441742
62.2419065437524
61.9104061857474
62.7582515478907
62.7315861979819
63.0470089576419
62.2379003211562
63.5300321083898
63.4483914516072
62.4545398571437
64.5254383563187
63.8908574399817
64.1682093042305
65.0499883081771
64.8235964138533
63.8240754332458
64.162537326112
62.4751769518137
64.4786380765252
64.4577996918249
63.0996483637649
65.1942233574666
63.2960072993696
64.8315386348391
64.8473643138666
67.430135419706
63.7703241317811
64.9802565037096
60.861847845309
64.4220419892468
63.3578215821594
62.4390252731232
62.3747053188335
62.3795303100104
64.5809418686304
65.1437854072217
68.2275400820502
62.7086618794467
63.1972833716612
61.7133188398124
66.3801614730995
63.2650910601787
64.4987735776488
62.1277149973473
63.5194167077668
64.7052687808626
65.2073788772945
66.7420041061559
63.8477735298381
65.0456093423664
63.7092418543952
66.2734810402841
64.3151864954825
63.229577204932
59.9715405571335
64.3621518140734
64.3203959756021
65.2800783844795
65.3800802424015
64.3673362057483
63.755011242881
63.5467786997691
65.196745618441
63.802838889413
64.5792284669647
63.9152894660317
63.7753123566581
64.4526557381606
62.7403971378294
65.2137816576794
62.6774500643753
63.8938870399609
63.6479835846074
64.9383245733795
62.5487279068745
64.0670180136224
61.5213881305054
63.915544574309
62.8104323629346
60.7447441427264
63.1030377499383
61.3762555405243
62.5818293010969
62.6918793795707
63.1530074636246
63.6567134200517
60.7767478717908
61.8348537240291
60.1085673574502
61.1115991999993
59.0351649026276
60.8230836372511
60.9018720248128
61.0284395997783
60.1383679982747
60.0310333206391
60.848617185078
59.9265251817333
60.5670361814816
60.8316801970879
60.9970173856559
61.1764214297835
61.4436096846454
61.9622259943833
62.6775603282527
62.3056345986158
61.7489069875443
62.7477424298448
62.8946427601635
60.9961245591128
63.0342122509448
61.5386950449016
62.7665962198484
62.8239784989463
63.0669490151328
63.4285761766402
62.5605495255596
61.9689683969665
61.9314634771303
61.4994806724173
62.1447521791102
61.8878646754617
60.0919854647272
61.4250610769568
60.216823569074
60.9654708488501
58.9371206309773
58.4023298422788
65.5111137623374
61.0190578927831
60.6174290655167
59.370375063093
58.4721559256534
60.3874169459561
60.0669294941217
61.7325691633408
60.1300893954426
60.6715986042114
60.6065300092753
60.9764263699339
60.5992425366373
59.8335294831124
61.3028530819532
61.4625922339635
60.3729870185296
60.5444749857896
61.533530804825
62.0501814958906
62.7458767980875
63.6567467540698
63.2100803919889
62.8237893877442
63.8382058976063
64.6446033094983
63.7443739273918
64.1703164626153
63.071515455993
63.7565121614144
63.8345147611045
63.4739659072858
64.5674019421162
64.2791295799836
68.5810714128172
65.3845346242938
62.3895870949718
64.023259900729
63.823835503053
64.2568994787522
65.7066189836167
64.0490568757901
64.3001598782279
64.2543001584587
64.6728177898246
63.1127411115806
62.4131182693375
64.8440192354159
63.6180025921181
65.3191825801121
63.8591418700395
62.7101609280897
64.6077236584834
65.1163626858628
64.4243682817256
62.0466998456045
64.5998616077853
68.4264472527353
64.4453737664517
64.6101097430892
62.2792311688588
65.3709110234156
62.4537535114811
63.9356445478934
65.3529309812608
60.2731105295635
64.3166542869498
64.4455931795589
65.5005963537825
64.0012877104569
64.1906588718992
62.0742804576899
64.8854819490383
63.8221291151387
64.2930780498562
61.4181698759704
63.2568350124827
62.6025446350609
61.2409312193916
64.5956313650867
64.1809590289075
63.5524858517172
68.1539993334731
63.3509449237567
62.3871767206182
63.0087299214777
63.8111338736676
59.9065814962715
64.1329857664771
60.614003110572
60.5178906411527
61.4934497926114
61.8441020062398
59.6125831498368
58.7783849082701
54.0966496545476
66.6140304627392
60.4111959355568
56.41610308629
62.1136472180506
69.5405346186939
61.7103781682472
60.7437290827611
61.5386137524618
60.1256650907592
58.2496711590343
49.1429685026251
60.8148247062841
49.772961486925
62.9884166596894
62.771972668857
81.1978386501563
59.7025103460964
60.0152774513508
52.0145191920475
56.9940749446186
59.3653461597697
59.2856837350246
59.8621799243096
58.2603239995828
74.228709671077
57.810958224075
59.5470896731048
62.8033899794619
61.001642839873
54.8374800709485
61.2219216711742
57.6017940457766
72.9330199250957
58.2031162953972
48.4412302472368
71.9546123081786
62.3562192031651
57.0626959605047
67.8522305125434
67.4911287197933
53.8334972441989
58.4431164732203
52.8063302819532
80.9613167627778
48.3846950748769
60.4113618764317
53.7577265196784
55.9334536367753
63.1573360837149
59.3356638908394
43.4314813753303
44.3072218192681
56.507139330309
93.6627550468815
41.5214280505775
75.3087279485009
63.526037462732
51.0675088569558
38.0961150231442
69.6608806519708
38.052311702079
110.329708203747
38.3469379754455
46.7226933010633
60.4594763069411
53.8906177518709
74.6982338634536
98.3170923168347
95.7856658942692
46.1195177503616
28.5727875342993
84.1963024234413
51.1939650780686
48.8479886527715
64.7333111478864
50.3905353322613
54.3488767425893
60.3134941786074
47.1161868597356
58.5999572961503
81.0857334447144
52.7647786035785
60.2191769068989
75.7322914054282
84.4871840500226
76.0665755587619
57.6445066585639
115.910572599655
29.0002693346687
82.2901776942715
66.5892650799451
84.145583084914
75.9463046952674
75.7404028045805
86.7346238238374
62.5999100986657
45.7929806831595
73.1562395650645
52.3584192760567
39.4580238255024
70.1775292667808
42.9118203739595
74.1928836991651
44.3870589792994
84.0443841488256
72.9660244086237
85.3187794037056
50.2046698934405
41.9761907401705
62.9427860096019
93.5996048510702
57.1800885895758
58.5484972836157
60.601645393142
61.2012719118598
62.8721680895292
63.9931242016354
64.1237054912296
67.0916076729467
66.6277528171077
67.3114121279249
67.828101685526
68.9620705901515
68.8630373403564
70.088847828442
68.8256060567818
68.8148380275153
68.5509906375043
68.4339505201891
69.012232724028
68.148306899943
67.457191652625
67.412640979222
67.219132209686
67.7229899751979
66.7822166925842
66.7652368040542
66.3443898073853
65.954877873567
66.5259347574056
66.0008077519213
63.3053254862618
65.7481950524184
65.6894534413567
65.8140672468373
65.6069137235611
63.1262368539925
65.4283299430361
65.1554385483788
65.0704999898739
65.0702912050073
63.7229295681759
65.3767872403685
64.9702933011307
65.0253047769622
64.9207273654291
63.2923806633199
64.8594941968191
64.8218294274086
64.6794076439332
64.726324349716
65.0264681838285
64.3615300532831
64.5938660941641
64.2938343598434
64.8942055608992
65.1525517857805
64.6796127129468
64.7058932922813
64.1787794468076
64.4744167690614
65.6105702372392
64.5364782962523
64.3292747912551
64.41744793497
64.6491616556868
65.4965705491817
64.7758930560499
64.7713890935703
64.8329716599138
64.5830379258457
65.3165337617586
63.9032404789685
64.7384149660127
65.0525586189003
65.074816008758
65.5511911850095
64.8020977257258
64.6704479031941
63.9311054849129
64.6788157373602
65.4401835897771
63.6135579313062
64.6487598008745
64.3334452460523
64.4334967433479
63.8062860439897
64.0448113831758
64.2392345076502
64.4073063378805
63.7552093579641
64.4025716981883
64.5383449242808
65.175979500736
65.6260661116003
65.8636036586617
66.4607398312629
65.6750654914975
65.9024917580878
65.9149944480253
66.1831691093009
66.0702820251525
66.2361552775025
66.065188986644
65.8555646617889
65.8569994433951
66.0285603290829
66.2455818185981
66.4367653993647
66.501661083591
66.44613673782
66.3016692268992
66.3523468924433
66.4527498840461
66.5435629919306
66.6609523717878
66.5631334732817
66.7212958048254
66.6640294281873
66.5433981944175
66.3276614328914
66.1143291822519
66.2157636133101
66.5077416591155
66.7040190552557
66.7979186361163
66.8549822969489
66.9745004225769
67.1058102971051
67.2705144165136
67.3642032282806
67.5506458253571
67.751280611664
67.7355908477205
67.797602702168
67.5897280931688
67.801129940009
67.3059078225009
67.2176764814993
67.1432547227919
66.1625502751257
66.7090400159663
66.3645967280823
66.1485041286796
65.9515564794646
65.9520730682835
66.160355823472
66.5409890707817
66.7657022310178
67.170895234168
67.4140709743135
67.8459514724634
67.5540998049732
67.6911921660964
68.1274487333519
68.4838797475131
68.0370639959615
68.4294682886721
67.9709085291866
68.1572123180481
68.0306483229746
68.720451988682
67.2209648028924
67.7300272970082
67.0830949634087
66.9007091373756
62.2327401100901
66.3726736448395
64.7218794732898
66.1272420825181
66.4522114646475
65.4583120438454
65.1139862120599
65.3428209708567
63.652958827317
65.2542143101623
65.2679842763642
65.8409759673322
66.3391635010466
66.1131616606822
69.188538134887
64.5254417571218
66.4041663692197
62.0089589286172
66.0971943059817
74.1063656839307
65.6767524591842
64.8991752299745
65.7545086584262
63.8788521044992
64.2158550665675
60.2863970289015
68.1436914829133
77.9187083084097
63.0482040106607
74.8004537501667
61.4993301729424
79.8116866360595
62.8140923021353
59.0987726927766
62.4545486191035
62.4839140741111
65.5579224995931
56.3065847321647
56.709590568608
51.8905823731563
61.1021363913435
70.3621377617825
70.9843774765645
57.6879520602582
75.6231484335716
81.1002805488375
89.0900923805678
71.369264697032
84.2989488204232
72.4511971693066
76.5301522657192
93.220899241372
69.9611872301409
75.0084474944918
66.7716555534179
31.1312919346422
52.1958102968609
53.2626735732249
78.7845010224721
55.8935269758501
53.5838247859197
58.4484676992887
117.14763643731
83.0348813517945
112.221536866567
55.6524353418089
98.8873798946457
72.0664026660738
46.0251939863259
94.3288523673509
60.1736412870327
76.6241870642977
74.4470413223152
34.291134833264
45.5065577574675
47.9754644003678
49.5333167956983
48.191683449452
62.1116158719099
57.6488105053201
112.443785767593
63.0333888727162
83.5878160291102
80.9786665657772
91.2895911513893
85.7268846563931
51.8912395493698
55.09272665226
95.8408803145748
91.289505594821
42.751340368275
89.6274460345425
70.3070682315526
99.3347930881265
67.2945594989437
47.8513304590366
87.578052651901
71.4809896872628
105.240807495322
55.1990257108589
84.7373559977867
42.5930039042923
80.5985414063295
61.4230925290844
96.1738698716641
91.289505594821
87.797957398888
49.6329186907487
57.4350246324871
63.0011704888361
40.8796126603572
63.5086519861775
41.4822636701935
67.6270905706832
45.4540910083895
42.0517452861665
44.8942853196933
47.5445912486647
53.4891043577693
55.3525699886897
59.4472494207588
59.9372014490331
64.1407277116135
64.3012487842211
65.4877529954103
67.2984966345226
66.9021207715345
68.4923985294337
69.0793501406836
69.7258130410605
69.775595536466
70.724302004784
69.6215940213138
69.9468346073522
69.4548016299871
70.9067847436901
70.215060461309
70.1199936040575
67.714327862304
68.0014416189868
68.8506112045255
69.5482054727756
69.6407918563239
68.8282421630202
66.5386993164023
69.6286598108018
68.0024559147015
68.1491131397637
69.625722675226
69.6321535028738
64.0062088210319
65.6454322501046
64.223489210935
66.8415261658788
68.6493686491301
67.3988232794419
63.7120551279278
65.9279725516467
65.6235960378576
63.3382754498923
64.9199068386312
70.0694887906642
68.9797626220097
62.3149954976011
63.6049564234932
67.390074505823
59.5355300582152
64.485623311415
66.3935309892584
52.1879626167067
76.2591777672814
77.249634155571
72.2871635625083
62.1807305118858
66.8574568044866
66.1250449432211
59.2322605042045
64.4494529339928
64.3316447865177
71.8516301297685
49.4816571503086
73.9464252860959
64.1934927155366
57.2969128887566
72.4614629718753
59.3673987542463
65.8963272511449
61.7644906952696
69.9758145525151
55.4465738744871
73.000409954325
95.5586866564706
75.5696674222617
65.9470863780027
72.4658026803815
66.5072571162547
64.6479864068167
76.0776989874807
70.1704405803607
76.2529866128943
68.1212388459964
51.0630569577774
68.4812836895661
92.3329787848746
58.874810354586
48.4676093837731
67.1415232082609
70.0014038702203
68.4962744559495
65.693522650438
71.5912886855885
73.1785703946704
89.7599491270824
71.2824920561885
63.2746245640717
66.5640932756931
64.2438251811043
88.5668556980754
62.5879210974912
54.666604690976
63.1427079799171
59.1138954800297
75.6436666777809
72.6486876948547
105.707528683505
62.9015332436354
79.0940790323163
46.5582110380056
73.6807861963219
51.304999900687
65.6321817129301
65.1428839985332
80.6332658454838
64.7944266295985
48.6130081510782
85.8303445278504
63.3175399001631
66.310172579359
65.7387451407899
67.125127774508
67.5840184234163
68.0757517608473
67.1245753843139
64.6105948632908
69.0432733585643
67.2276267211108
66.8441392407607
68.4460407899083
66.9172683455098
67.2296929118158
66.7281921934135
66.4576703784087
66.167416066128
65.9657483752419
65.7604097054349
65.503377945162
65.3157575829535
65.1279755832766
65.0015725416627
64.9009035746074
64.8696051381117
64.7957377941356
64.6927898510928
64.6491445873436
64.6188047355384
64.6021646264006
64.6067226591476
64.6310001219218
64.8056111475852
64.6426702262202
64.8394533724729
64.6850332483749
64.7717542807281
64.6560204284129
62.7140768712694
64.3881550713781
64.597535027193
64.9503004332564
64.243049313808
65.1305809041341
65.1109806753734
62.1581321264957
64.8893921729241
66.2935632133379
66.1610185891161
64.9289246641118
66.5995892646276
66.1783393661979
62.3639027475756
65.0766442908221
68.0793850342546
67.5589074933651
65.8388731870617
68.0363449437566
67.0660142315005
64.1715853301273
66.0446215755885
66.8764879589245
66.6537465354482
65.2122665718304
66.4933098629053
65.687095254152
63.879700932991
64.7871565266929
65.081536392417
65.2539329295771
64.4766344672397
64.9917083924615
64.7063097165773
62.5106982643462
63.3106838598689
65.1244932273445
64.5933098706309
64.5110174233749
64.6476256330458
64.5418285505492
63.4837089486889
64.0914673461053
64.7821022406781
64.4322433094699
64.4563208720227
64.5579477149451
64.4214548077562
63.9267116896912
64.2476584970701
64.5426223868162
64.4719209066572
64.638623435482
64.7950769533097
64.9919089253384
64.8213865066538
65.1823006984298
65.2043394238385
65.3241676245555
65.3876725048297
65.3595392566076
65.2700970381171
64.9300866027615
64.9793349222349
64.7957833669685
64.8119640674585
64.904218303207
64.9302510502255
64.9524400081755
64.61156093763
64.7595137594051
64.6351327030741
64.7055323567931
64.8094410572012
64.8156571149241
64.7588141061543
64.5405946094383
64.6327165851971
64.6989707809901
64.6632932730727
64.6255514122104
64.5947298580047
64.6120941760588
64.463064582833
64.6713300113889
64.6729760650477
64.7535006796555
64.8659760376673
64.8953787797324
64.9541069014873
64.727718165818
64.9069048261463
64.9336602453375
64.9401577115409
65.0806992687049
65.1285585911923
65.1078162588052
64.6849942865472
64.9093002603215
64.9117176597565
64.9161760688502
64.9030844042378
64.85052906492
64.7583950805976
64.3145585485823
64.4627172504704
64.6933280769845
64.8806655922096
65.0905690910248
65.2778882755032
65.3836713511544
65.1168014848839
64.9979251742072
65.5631232834395
65.6163918805052
65.9647328523709
66.0877622992846
65.9845510964014
65.7182312417151
65.5665200106333
65.806331967811
65.5872710058939
65.6545041419563
65.5659959672827
65.3978819507667
64.9820732178145
64.7578427543988
65.0166877562235
64.7372892891157
64.8117382044613
64.9174101507962
64.8965678175795
64.6547647442189
64.6994783326346
65.2027289659113
65.0713153285441
65.2147343169144
65.2424441637435
65.1807129156156
65.0036914357684
65.1195179438043
65.4863017966368
65.4133068887138
65.5398082095008
65.5224528114002
63.4175253985643
65.2956936769858
65.1600188437882
65.3619250055127
65.2015857633796
65.1692764481397
65.0637738728626
62.9423770802558
64.9506320565366
64.690825103885
64.9357288784805
64.7060915175146
64.7669341063951
64.6471422234584
62.5545414612195
64.5105541447834
64.1403038154016
64.6425836802041
64.3963114630386
64.3901249469649
64.2929256646682
62.1122904398917
64.27855853312
63.9244905455123
64.3484447458204
64.0622435767056
64.0708316112827
64.0872483143319
61.8958992432494
64.0691418037517
63.7543149707973
64.3279647407813
64.1338807478801
64.1584517178459
64.1695773292061
63.1630138047358
64.582853222614
63.6278219025895
64.6091328248914
64.2380975891895
64.4158379963061
64.3899841652707
63.3888810090009
64.447897435958
64.3585589105798
64.5973781544036
64.6260182376285
64.4215877347474
64.6137348576314
64.6211613984402
64.6368895361147
64.7944409550127
64.6596267974351
64.6786495317013
64.6985979535573
64.6938395883385
64.6989424691989
64.6820631487148
64.7058249459851
64.7129191525167
64.7507688463255
64.6277484719042
64.6548893961482
64.6291876008061
64.5814168026315
64.6254857893092
64.6197873783227
64.6188430439802
64.6180057229187
64.6109296281079
64.4928550925267
64.6638382212715
64.6138399505722
64.5381014327357
64.4544690719876
64.3142427988838
64.2247326215426
64.0269389952037
63.876476770359
63.8578985882393
63.7374823924684
63.6651192591273
63.571243640969
63.5541440662802
63.597028374742
63.621128436885
63.6718995258714
63.679555025302
63.7543283204826
63.7626388763026
63.7929573397757
63.88066400167
63.8892159684838
63.8789383904881
63.9257003917767
63.8533394909265
63.7657120865234
63.7647070203307
63.7826027927566
63.8082296119235
63.7607043674048
63.7446691421326
63.6655457574901
63.5830572814713
63.4921946004639
63.5044272686994
63.3513771861566
63.2101865383446
63.0486697389051
62.7735691371176
62.7869662864733
62.7224716897133
62.8721916518881
62.7179720544372
62.7003148915347
62.6831183342427
62.7905972461094
62.7389103011482
62.9345529563246
62.779293798766
62.8588059148056
62.8282525573135
62.8859272066233
62.844269822563
62.9817176200148
63.1644026202774
63.4572957512221
63.8138823473426
63.9051360817909
63.9928419261237
64.08213152389
64.1364468378995
64.2732001399362
64.30281091789
64.179568790773
64.4766624879992
64.4556026361301
64.4252587094515
64.4974075444557
64.480167340771
64.5100785817531
64.4324572199209
64.530959883569
64.5179118015697
64.5660664373438
64.5673804965759
64.7577765438101
64.5589777836859
64.6120343272559
64.5951523883944
64.6511523971414
64.5140028337515
64.5715329674749
64.5874261225435
64.5906869186684
64.4791116933265
64.564683766097
64.5992443923141
64.6111335940723
64.5263340130087
64.5374137720424
64.5287565503151
64.4494767679218
64.4207520321655
64.4642517109686
64.4763376516451
64.5414987284896
64.262148716171
64.3453483908854
64.2096818074432
64.3298307973145
64.1273085996933
64.3219616606542
64.3535888325591
64.3669742541008
64.3194698811771
64.3261960199072
64.4177885466127
64.3861099341817
64.415507597775
64.4457752305609
64.5107494839226
64.4917761045456
64.5781717858421
64.6298183534015
64.7138131894192
64.7121225331609
64.9063231799529
64.777645318747
64.8126323554918
64.6518531159736
64.8190777601752
64.6811610162336
64.7859938252566
64.7888165091641
64.8706555275615
64.820808514766
64.7400684273196
64.6849441832859
64.6901750153036
64.6270760373658
64.6709962459802
64.6510134905549
64.4696829349274
64.5758404167454
64.4537829287248
64.5204711789148
64.3429422116742
64.2916696634317
63.593950595007
64.483127367396
64.4161635368581
64.2818352779613
64.2293241682943
64.3683818524816
64.3356712549126
64.034708766804
64.3482562411129
64.3561488364407
64.3013743862571
64.2892129743519
64.2040661013993
64.1223615280186
64.2886078263467
64.3347316949298
64.2520802563545
64.3038585555126
64.4991415902908
64.4602870196376
64.5456993554241
64.6825771501711
64.7181613996066
64.6935222819135
64.8460102917229
64.9545188886045
64.8559495212373
64.8998590713855
64.7946892273481
64.8368792130074
64.8240131067009
64.7726720239345
64.9782910310377
64.8526032893684
65.0164974836207
64.9078698952481
64.7642342649188
65.0472949415316
65.0015627514535
65.0943293191738
65.2943767330034
65.1111135144152
65.1335469485971
65.1160484968746
65.1638303310744
64.9865102312115
64.9801604229949
65.2012171857771
65.0857651483388
65.3207939821574
65.1190639806884
64.9235654430837
65.130087725825
65.1152354525008
65.0240845137355
64.7997863752843
64.9653940167418
64.8879051821281
65.0062795803757
65.0657988686978
64.934547858011
65.3744960488579
65.0018317697424
64.7411490869262
65.2396885719008
64.9046297938669
65.0425042911913
65.0062736276052
65.1245401884019
64.8718489249814
64.8552428090832
64.4142154046725
64.9961840175046
64.8181431411399
64.8765586455322
64.4392959068007
64.7315754963801
64.6549406053662
63.8366217124
64.9071010178889
64.8955166365583
64.0103911609842
64.6207714935828
64.7065995753113
64.6301665141254
64.4529512844013
64.7761091149449
64.3011440091968
64.7579955706354
64.5452827835452
64.8176155242834
64.494472412317
64.2212086774348
64.3314140790028
64.5351949909018
64.9392922314195
64.4471461305545
64.5324123865709
64.6983403575116
64.3736128486674
64.2674098106248
64.1275181426292
64.4826131898307
64.4945509920968
64.383271528054
63.8725972808731
66.0998968505344
63.6578372811721
64.0161119083716
64.3333801880544
64.0405143113834
61.3001029294909
64.1228145181182
63.7000503042969
64.1777932533309
64.3275930203001
64.298873281268
64.201430864638
64.8311213944989
64.1993699571526
64.5394969002322
64.155305916664
64.4234291063904
64.7211187252016
64.4757191596007
64.4424185405139
64.0488036425555
64.0873564171802
63.4220168470723
64.2680012838635
65.0749352672158
63.5202367835473
64.2271375136618
63.6987597906129
63.2383117462898
61.5958550909281
63.7627027789021
63.1208821709777
63.6872504609688
62.1938914909721
63.1924981948848
62.2828711836839
62.8852445830068
63.0505446636143
62.3927677437431
63.7016045332794
63.3532318691653
63.5225546922212
62.804866350596
65.604488861501
63.5285613019784
63.2480653446867
63.4745569560724
62.7758783160659
61.1465945258978
61.4592145851009
63.4342226587798
64.7442538399621
64.0459081305808
62.8538128733115
61.0563439310583
60.8918413996473
62.9495439372899
63.2997375424933
64.9776521530068
63.8517789072408
63.9133202128126
61.2294996306651
62.6696533989569
64.6526951306503
64.1166227994765
64.5102741875559
64.2567786114555
65.8801754819881
64.0506330425015
63.3586594405304
62.0208990591826
63.9895438020497
63.8602415130678
62.2524976833198
65.9839733178456
68.0153023306653
63.6374474543329
71.4931479154843
65.2175602811136
63.1500511015756
68.1781073217641
64.1596003194438
68.609178299559
63.7338916537881
59.4810358098202
64.1792050157099
63.6795155507032
68.55043567143
64.9097393894718
66.1789434934753
63.7777412697833
62.1895759830476
64.0596633216087
63.0152210236395
66.9606611532462
60.4635108081442
70.2253229493215
63.0918645346087
60.6334086315459
63.4661736834243
63.3816670179141
70.0385475260135
65.226107843652
63.3296241195616
64.9857624180142
59.3198286123282
43.1042704331561
66.4863487683574
78.9456736072542
59.3017212789236
76.9142084379362
78.3251927734595
67.1348417021147
62.9594402831735
74.5913767435191
58.1033668533719
41.2161302655691
72.9862762992298
44.3181998307601
47.5429003275111
55.1008932756876
35.901192040467
75.975298047323
72.9813038464392
61.0153640328063
66.8108717248593
48.2038644160464
48.6375346397614
56.1824826687879
58.310444570138
85.5436238295755
89.8704133488008
68.7564348988083
46.9676854450551
71.2044252311207
70.7864036538785
87.9725289448357
91.5690494105644
70.4651507930599
77.1645048964058
69.4795365263454
72.3794622743983
93.8122445717582
89.7912738246535
81.2541982680434
124.149967054646
91.2895055959552
81.3598518255933
91.2895071037629
68.4671291961156
37.5719163793027
91.2905533521502
91.2895055948209
91.2895055948209
91.2895055948209
91.2895055948209
91.2895055948209
91.2895055948209
91.2895055948209
91.2895055948209
91.2895055948209
91.2895055948209
91.2895055948209
91.2895055948209
91.2895055948209
91.2895055948209
91.2895055948209
91.2895055948209
91.2895055948209
91.2895055948209
91.2895055948209
91.2895055948209
91.2895055948209
91.2895055948209
129.289505594821
91.2895055948209
91.2895055948209
91.2895055948209
91.2895055948209
91.2895055948209
91.2895055948209
91.2895055948209
205.289505594821
160.755817063051
182.58033160694
117.544798634121
229.290996312372
182.579011189656
181.320190178119
174.802079516464
173.681138033279
111.44595614291
160.367076444313
91.2895055948214
91.2895055948209
91.2895055948209
125.622057025819
91.7554246439314
91.9538250511593
91.2895055948209
91.2895055948209
91.2895055948209
91.2895055948209
91.2895055948209
91.2895055948209
91.2895055948209
91.2895055948209
91.2895055948209
91.2895055948209
91.2895055948209
91.2895055948209
91.2895055948209
91.2895055948209
91.2895055948209
91.2895055948209
91.2895055948209
91.2895055948209
91.2895055948209
91.2895055948209
91.2895055948209
91.2895055948209
91.2895055948209
91.2895055948209
243.289505594821
178.068461832685
168.332658943013
148.231722472252
178.634140758391
154.537983321301
166.176392591836
101.355516998418
91.2895055948209
91.2895055948209
91.2895055948209
91.2895055948209
91.2895055948209
91.2895055948209
91.2895055948209
91.2895055948209
91.2895055948209
152
91.2895055949212
152
91.2895055948717
91.2895055948209
91.2895055948209
91.2895055948209
91.2895055948209
91.2895055948209
91.2895055948209
91.2895055948209
91.2895055948209
91.2895055948209
91.2895055948209
243.289505594821
177.222093173469
171.583042446807
119.755319541846
169.427503688426
163.788187770563
169.030860729228
162.646489129121
94.9028590599846
101.161163129542
180.873835426515
167.321791545726
96.9915247968993
136.291095721798
91.2895058858596
120.549830047399
91.2895058180525
95.5795468570526
104.894874623248
79.0083964070475
80.7606448386065
83.1340974291839
69.9516927549629
87.9141724342738
85.7257210778725
42.2602804394029
51.5141781573561
67.1709345290471
28.7802138612833
48.8090217456669
51.9965258510607
42.8769420817762
34.4569913043405
33.4663450100806
40.4370798667005
39.3521020628283
41.4596025706335
43.4774159211602
44.6885734329622
54.7024870047969
45.9619145616203
51.1688651389159
52.0101310511522
52.9100998475484
54.5088316620759
53.6737457330805
68.8339876644003
59.3739219566102
62.2856734632648
61.0581651666645
60.9674679370228
61.444134758297
57.2374071583022
57.4355006939609
61.6735013740233
63.6543319091445
64.8766499826547
65.547493443258
65.872543510986
59.3201815675703
58.5748919037642
73.2866898002427
66.5561069522441
67.121885855686
67.5692424643699
65.2316817065018
67.2053261857466
62.9201676597507
68.3079679526275
66.0959141008407
66.1329431978003
66.0717206457964
66.3785580100915
69.3126345885
64.5809533196042
66.7984263399964
65.9162430552733
65.8497602634635
65.90752839771
66.0295095290461
67.1140168518525
66.7088283129728
66.6537338686324
66.3033012790011
66.2427171273891
66.1553938663149
66.108870682169
66.3264361748237
66.5335167148061
66.6382495607223
66.708887204045
66.7846722321078
67.0706821285474
67.4070755383179
67.9699623633205
68.3121963368609
68.3930376348232
68.3413142871796
68.3814714328643
68.2395031936023
68.0228976707923
67.7412052185791
67.3804820138032
66.9036535853643
66.4317395355907
66.2008106219249
65.8319614474288
66.1948356088898
66.2819251734324
66.2601877462754
66.1481432580545
66.0098367270832
66.0302178345696
66.0711818299514
66.2282196784729
66.2551032658969
66.2882971978434
66.3806881204281
66.4542654571371
66.4175055835284
66.5215706972926
66.493184817554
66.5365312255297
66.6798805703513
66.8448348648552
66.9119655272969
66.930216973179
67.0611112283393
67.1969059751208
67.3392387271519
67.4132800556312
67.5326104417445
67.6461363958235
67.6212900361656
67.7591660740456
67.923063817237
67.9319271118069
67.8372932450964
67.889863542499
67.9480493869891
67.9713505032344
68.0024398879843
68.0345919589236
67.9738997320287
67.9020158092834
67.948706457281
68.1466805555962
68.1532129032295
68.7134922174279
69.161725743556
69.3628874776282
69.475280408326
69.5530195514225
69.7177116757241
69.9624774162631
70.383271054261
70.6499060147277
70.690686785688
70.7016793960657
70.7012298810306
70.6566337313574
70.5953299414335
70.5687562955494
70.5232301585616
70.3688715651966
69.9747583502998
69.6474307310884
69.4299144287066
69.4326590438124
69.5002263757578
69.6747108223967
69.7352550516041
69.8255663301458
70.0723381075963
70.3178639290616
70.5008788521389
70.6472396819584
70.7150613817551
70.7276481160215
70.785621317412
70.9953063192069
71.0823815275376
71.2726146808822
71.5150464521328
71.467193153167
71.1353619770231
70.882903152466
70.6312078287813
70.2234726021646
70.2511589301743
70.1004390518593
69.8156283163018
69.4655582096051
68.9544401137222
68.5491938792277
68.1356704689493
67.6860824666111
67.3095444519152
66.8397284261715
66.2499448560287
65.6738957100813
65.1991494723122
64.9206910145277
64.4020069468275
63.9599347285907
63.3981374094459
63.0137810814672
62.6909007076251
62.2964642110263
62.1506305894577
62.1112937355304
61.5500720118432
61.3137141175868
61.3356606905675
60.9600755065751
61.1129718286232
61.1386667554001
61.4912752253371
61.8020768894099
61.8127498383067
61.7800526207177
61.8483260709554
61.9261845804602
62.1542229396168
62.3574366642746
62.4028492895901
62.3594403325759
62.2857326394038
62.0693235260301
62.5000536539725
62.7554751023339
63.0631139945374
63.3008158639977
63.706446127857
64.0764513526805
64.3504380274218
64.5193826645999
64.3893265107606
64.2772404114352
64.1374121100852
64.0954059103849
64.0033475338793
63.919460548595
63.8321522022929
63.6722997967964
63.5311025419861
63.3009517907848
63.201151474759
63.01747106314
62.8473980858959
62.7455834273679
62.7002649677989
62.6665984311742
62.7847658720642
62.8900551331526
62.7543702114642
62.7735139710542
62.6223033069789
62.4583960915853
62.259068088667
61.9840959256312
61.8220940736267
61.5481759035939
61.4707648144853
61.382433496561
61.2841174855861
61.3354993301177
61.2824900516471
61.4473528161844
61.5238306748981
61.7018288028983
61.8775681996912
62.0494757001257
62.2520915825422
62.389309448762
62.5591061671323
62.8100679800013
62.8971959610692
63.0088055900431
63.1821681589288
63.2157576515025
63.2304603164139
63.2638255430615
63.2835957176371
63.3719909869887
63.3721075756185
63.3564636342927
63.4066248225343
63.3285153166948
63.2381663783288
63.2329295159672
63.147349367452
62.9364674299636
62.7488943893336
62.4948594151687
62.4789350332214
62.4270822098796
62.6056479277579
62.4032316299822
62.3936162017194
62.3165815648332
62.3616967078785
62.3992000326625
62.3350027649916
62.0986537506815
62.1554560449342
62.1769111259253
62.2424343635143
62.2324677936229
62.2967664899326
62.5675641216076
62.8729259009333
63.2392271514997
63.4126921654931
63.5110131648572
63.6351682898391
63.722062986582
63.842308102608
63.8831869598258
63.8594020648361
64.1198477175047
64.1044249571712
64.0415099707304
64.0431329663403
64.0034810479407
63.9770900695806
63.9309281475913
63.9918428299912
63.9086029519096
64.1301434505091
64.1767657786624
64.2949208274315
64.2027310887345
64.3514957119709
64.429381548493
64.5931463643576
64.6578266953505
64.9018020200651
64.9616842173403
64.9783939822498
64.8630512410202
64.8541478597122
64.8469306379804
64.8164208777757
64.7086637311338
64.4137785643466
64.1049708765172
63.7666731785565
63.5459534947044
63.3853806242999
62.9622840272408
62.4358346061323
61.5489636213648
60.9700266294297
60.3886143986003
60.0860740802537
59.7415869773758
59.5500455605992
59.5023716449767
59.4345894083477
59.4904731010031
59.7087598169593
59.8945944737091
59.9600558219718
60.1335685453877
60.3616268317786
60.600065968086
60.9106995091207
61.1588746338956
61.5247172115198
61.9317868454421
62.23093808306
62.4874900818877
62.588920791532
62.7126733105094
62.7470953475486
62.8871482314124
62.6777106991513
62.6018261404219
62.3724284334165
62.289903668844
62.2213867504543
61.9761407364952
61.7646072551663
61.578357029902
61.4001086913745
61.1437609283224
60.9784682675345
60.7724271902816
60.6507301745274
60.4275808480544
60.4593101750387
60.3705334961624
60.2392617548534
59.8848810997861
60.053606669046
59.896863206117
59.7924325090602
59.7053889733318
59.6926890687907
59.5957337056193
59.4982868207705
59.6728177816567
59.6862296298094
59.5748372164895
59.486626622706
59.4553727930399
59.5831262375176
59.8896495771303
60.1558924403096
60.3631065544689
60.6328720223085
60.9915919580465
61.3269109688741
61.7705531298855
62.2267319199425
62.7200808889181
63.106020080102
63.5708497798223
63.8483271301828
64.1089886367875
64.2781710738723
64.3262014797184
64.3564087363968
64.4445537655603
64.4941944670748
64.7427759056353
64.8505459015363
65.04083738601
65.2247847763042
65.3830561850099
65.7111037380464
65.8515983866754
66.1047252396938
66.3154972411296
66.3641433956711
66.4091768611268
66.4284690887729
66.4057111205734
66.5191773819053
66.6492686013859
66.7402522105785
66.7502712209378
66.9058746947585
66.8467803017562
66.7129857493268
66.6812890357095
66.5085262985866
66.2412369987632
65.8780669185976
65.9404451222466
65.3572124173108
65.2487927842437
65.2119738102241
65.1043839545297
64.9860694604699
64.8508551194045
64.3750849250038
64.5567130834941
64.0402395720503
63.9336719000135
63.6033168010119
62.9929786620484
63.0607781067388
62.8216125425805
62.6758857392827
62.717826155194
62.7131226152661
62.6463128658118
62.0508765457687
62.1948146750565
61.8664948224103
61.5573918497064
61.6349564041787
61.4454485194722
58.9706656171157
61.0992686416922
60.8787531201947
60.5945275550683
60.2752288341499
60.0272649887287
59.7405680438912
59.3767604269095
59.2006516619453
58.9438717332063
58.638577044631
58.3744788027391
58.1878045611938
58.2329549488069
58.4417715940582
58.5016899500076
58.292856258812
58.2600788245729
58.051187721072
57.9328725016941
57.9690495927043
58.0603429393663
57.9962991174033
57.8854702322874
57.4659578620999
57.9980181437363
56.969618880179
56.9834881518605
56.9598051813734
57.1810414593278
56.8864637755859
57.6104320082796
57.7276122556334
57.8974252648139
58.1573378338009
58.3512500082655
58.4149700367254
58.8116827961706
58.8887800936116
59.0894615155836
59.2542335218613
59.1276384162743
59.9202271410739
59.9785068926328
60.2159368845187
60.2356605726156
60.2829208263033
60.1852299234328
59.9611172367379
60.4246615659077
60.1471264164575
60.1782398759282
59.9170983259677
59.7710721779461
59.5460286833064
59.7790277636484
59.5051478197874
59.5586323889837
59.3796778703148
59.3890521801714
59.3739656870378
59.4751650564091
59.5516670096234
59.6524665455105
59.9551659020497
60.0338094684681
60.2219356728721
60.3579659576096
60.2390682316255
60.6713933682084
60.7139650044815
60.7610719838933
60.58819665954
60.6359815183654
60.5050350558056
60.7149132153471
59.9537001446944
61.0168930804504
61.1083403133101
61.2194600663029
61.6090894466608
61.8579817252732
62.1620117019753
62.6717138588256
62.7205274830654
63.4925806350016
63.3589040911083
63.7957952066716
63.895152748597
62.4834600394768
64.2301484178929
64.3424393226114
64.522540812161
64.5014033914439
64.6904836862015
64.613349604605
65.8644642892022
64.9997207995801
64.9268146954008
64.9416797681498
65.0717196405782
65.2016859754471
64.9790842453346
66.1038356693034
65.4016628664645
65.0729284336594
65.4004152308265
65.272566752357
65.280364797078
65.2567130610574
64.972813186219
65.3350344383076
65.0904696555639
65.2109270702836
65.1051679282716
64.9374923124551
65.042730876684
64.6040866089715
64.9606232613855
65.0822963480415
64.938082467149
64.3905210717378
64.8601231225403
64.8151807056934
64.6505983760804
64.5687770157792
64.7371645962439
64.6238810409151
64.6559018153048
64.6325296478852
63.4509473064999
65.186817698482
64.400400144502
64.5169410254322
64.5344226335145
64.480622604897
64.5243541151177
65.4898552178038
64.7425311156998
64.1711568474191
64.5049015570492
64.2589762871987
64.2959337442148
64.222383004675
64.6325431479826
64.7814451605309
63.8243251100774
64.5144685178346
63.2508719416299
63.961155210953
63.8643644932254
62.8039644188048
63.8658219478229
63.7744575175971
64.5791858806101
63.3980204317619
63.9042296659274
64.107452270104
62.1146260833435
61.6743477575846
65.0374791215402
64.9712698399002
64.2581128360187
64.4410464505348
64.1557125379278
62.736218943559
62.0991897484175
64.9630020160997
64.2427650194749
63.8543589097441
64.1170424981162
62.5494039114436
66.6662006908632
58.8802066787342
65.3281360988086
62.8145104054844
64.9725016810651
64.2418050895791
64.8056477648667
67.1946037925494
61.1715500314503
65.6929135662259
62.9651252767448
63.9801862212192
62.9963008670547
63.2899760566314
66.2121981854202
60.9464744472412
64.657913568422
62.7064219003527
62.8781874323402
63.3782085035608
58.4493057042501
62.2387604006033
64.2105149156073
64.5098256736786
62.606957940608
64.5619568175478
64.1706189708221
59.9381359468604
61.881164287586
64.9993632879631
64.073056512866
64.2069303685952
64.44451603312
63.9137784771401
63.6080096655312
63.8687754461926
62.9427739462733
63.6534061521582
63.5247259714405
63.4947249247813
63.0150172869686
63.5162779905808
63.3234870987018
63.4746527855974
63.4166711012981
63.3935468542252
62.9446840737975
63.4984474079305
63.4664515033585
63.3575178972456
62.7146392525454
63.6029867676145
63.5281108927812
63.6726606618105
63.7210925586028
64.0334393552014
63.8190016612496
64.0803801379511
64.2227717974657
63.9631330579114
63.9646549499189
63.5761645816632
64.035192045458
64.1839451136959
64.0276890048516
63.4028081025864
63.8676229660066
63.8638095829907
63.7246692156117
63.6631617465787
63.8575836129398
63.94243927951
63.8503503730935
63.8635180348546
64.1154234918202
64.1759387793524
64.1031265054393
62.5595899287402
64.0783406617755
64.0378983045737
64.0766795724897
63.7482473865343
63.8793167776458
63.6392619146011
64.1941091174351
63.6451972308923
64.3155943914827
64.1474666727597
64.0698107687688
63.8927470784122
64.5101645152103
64.228414458778
64.0072241671543
64.0197317555789
64.390598632915
64.1875419267398
64.1587603898243
64.4625410923222
64.9685757270748
64.5080155446149
65.2724274848423
64.2779222358894
64.2091454502436
64.0706549471564
64.4536593644023
63.2458650520226
64.4090366667037
64.4716389881222
64.5636488456704
64.6920452584147
63.7945015543317
64.2824770607333
64.516276701564
62.7599638052665
64.4857634943631
65.6803305864321
65.507572074519
65.1591275264304
64.63164625724
65.4198050093472
65.4144288054925
65.5473697818343
65.4810718922449
64.3368047712598
65.2388419399937
65.646125999725
64.9696891899203
65.9306376068108
65.4404792881785
65.4782107734198
65.4188721141366
65.8887760665326
65.4447885850443
65.5537943963392
64.7655784388255
64.9755566519705
63.9793890933322
64.1771355936388
64.9555121177678
64.7290154334688
62.3118484252045
65.4350454946126
64.3860758704384
65.441107861819
64.1314012167826
64.5656899420181
64.3732864517794
63.6004435677799
63.9640117412948
65.0473676977913
64.6514804043834
64.6782075450924
64.8581187174909
65.1801729132709
65.4053469226448
63.043007326064
64.9647762996248
62.6364670551357
62.9925016779879
64.4531521896035
64.6847087489128
65.426584442507
63.78880302316
62.1017447221685
64.7002002098674
64.3394123835162
64.8944904619709
63.3440049964006
63.6284440730364
63.8268254244519
66.0399040008283
64.1693353258368
64.0601640081498
62.6923689454733
64.5559201463555
64.4489793668652
64.5256202385824
64.2252847539078
63.8711970903913
63.8100466241799
64.3839771887695
64.0921510880216
64.1616151041468
63.7782916730022
63.9142472812125
62.0970939941807
64.1909157304778
63.4402508166543
64.3822015692778
63.9746111141917
64.2759523968076
64.7879597905488
63.8651417468555
63.7301682079655
63.9581106012546
64.2287572385427
63.5696953054749
63.7172216316156
64.1625441354171
64.7508585761843
61.592412441641
63.5286960114567
63.2355441478963
63.9024967712197
63.1411278296027
61.9865907119265
63.5591739147156
63.315585743434
62.5934947436936
62.777931336596
63.1369558383283
61.9556635772553
62.2095784537557
63.2590169248803
62.2208971530076
62.8857108961272
62.6427724030203
62.2097550248786
61.3255512714203
61.8167702753138
59.8708124899698
63.3764051973673
62.9765161888538
62.3153825058043
61.8171087314015
63.8077139858691
60.2797502317972
60.225224818384
61.702968458351
62.9353814590514
64.8223711957285
61.6113292512329
62.3944576871104
61.3273439464411
61.1026075993599
61.233838390333
61.9377049599249
61.6969657572393
62.4306010813789
61.6181021103356
61.270250524859
62.1996332804642
60.8236344130494
63.1167141399734
61.2633820321188
60.4403886014679
67.3514984644128
60.2097913074879
59.5866811704166
61.8866485535234
59.8532382624783
61.9398775581049
58.7608532482352
60.2057627396106
61.3435408236438
61.3639591772859
55.8563818341818
61.6762798833704
65.8365850865611
60.5161283115216
60.9104243750568
60.0988025096176
60.6264886099805
60.6702594362767
59.2113369186902
59.8954116265422
60.6925174494401
60.3140330570729
58.4403449443747
62.0966014786895
61.0035319780317
60.0252870831977
58.140744301881
61.2005541807788
59.6278366586107
60.1520107579192
61.3192626586311
60.9569146701403
56.9952580720792
59.3860803540446
57.675149653555
57.0477130996056
57.4899802745125
60.4182720409045
61.0685617535516
58.8592048935553
61.1106242692092
60.9469241135934
60.5470908593202
61.4045552722126
60.2482789384705
60.0821414357561
66.678718294319
60.6573772766472
59.0989066882068
59.6754999630507
57.945794639505
57.5042220729896
59.7375370716651
61.0051346914911
61.2617529722804
59.1720089483883
59.755337011814
60.823288994787
60.340679996774
60.6924781862136
61.3023032449507
61.8553327223829
62.7647467398424
63.5261958434309
63.3449476507872
64.1876392672767
65.6734663551493
65.7877609705523
63.9512877690618
65.9568612351109
65.5478413312896
65.4398726911145
63.7159541886151
65.3539094422566
65.4991444374682
65.570094448031
63.5423964606583
65.1198258821299
67.3219828657759
65.7970501674194
66.1983165282038
66.4653514064881
65.9837007633144
65.8731426298751
66.3024497167937
66.4744354640417
66.4904823879828
66.8588640225536
66.6294165621798
67.4820497399294
67.0632624536667
67.28014498441
68.1381925009843
68.1345579307768
68.6411323669732
68.7393560053223
69.641187630001
69.9586439575935
70.2457938074034
70.8542674796233
71.3898296665289
72.0058391205626
72.2291453245715
72.6824877663381
72.9392227058857
73.5208134006295
73.1352472101353
73.4545827895566
73.103381489896
72.7875750645308
72.6007357057001
72.3081773974999
72.0887536610471
71.5516919429052
70.2088271002865
70.7859857303973
70.6401243659809
70.7077209770822
70.6109304608982
70.1713907984072
69.7698555458546
69.4746265945825
69.9274294168801
69.4334336885749
69.2656512468806
69.348683331749
68.693637642911
69.1290539000433
68.6602218335042
68.5401693967251
68.0828491664801
68.1566394974585
67.7010369202997
67.326662223428
67.1335281176472
66.8179903891895
66.4871800335505
66.1285856499768
65.9236662669714
65.7765441542375
65.1964571939585
65.5184665978413
65.4280059635817
65.5905656214229
66.0382196263102
65.9510951873723
66.6431476225822
67.1305667462439
67.6869306012933
68.2102209622964
68.7763865362386
69.1359516986541
69.542682854855
69.7858753039432
69.3721767477668
70.409038452623
70.5068944410692
70.9314694337657
71.498967223352
71.5370841437204
71.7235374923193
71.0771857241519
71.6897016580819
71.4503264733374
71.6302218229987
71.6979984971405
71.8112865540355
71.5272997687523
71.8664312422304
71.8757755414159
72.0526817585955
71.8649904163642
71.8640135121788
71.6154075413231
71.5299752274306
71.2364326743105
70.7443655896112
70.2474185087307
69.5514523293407
69.4351692730144
68.9960184409842
69.0685583831762
68.6522531274099
67.8853654410397
68.1905602102748
68.1193318644528
67.7645213345902
67.624650954932
67.1289996163887
66.5411216236346
66.3345892423896
65.7130585854111
65.411346560205
64.9240516002363
64.6219886027064
64.2807573307405
64.089212207941
64.0857677652106
63.9529495920039
63.7432448438077
63.5194187620986
63.2526656843263
62.9299229267086
63.0098909654332
62.7885606888376
62.7609381620766
62.6757245836303
62.3747981869842
62.3450160447564
62.2590654573346
62.1958709842934
62.1070085807315
62.2980708767285
61.5833458464196
61.4755825488729
61.3378248188433
61.4267660303013
61.3677195424743
61.7965437572768
61.8744047051619
62.1408516405638
61.8932519353905
62.152640424555
61.8768113200402
61.8580721098793
61.4918484094418
61.2841279139974
61.282388948038
61.0432721090591
60.8375963712916
61.1499483330922
61.0420873410306
61.0746378537574
61.0609109669289
61.2862040224521
61.221495492717
61.0043145108631
60.6443316326428
60.8155508458751
60.7063440446111
60.5125047006351
60.2049546261306
60.3187605215381
60.2152790771992
60.3107863714346
60.3209224989922
60.6098555551937
60.6971358591959
60.7776086549778
60.7923434792582
60.8266863706808
60.7885679989843
60.8624980943158
61.4575912022144
62.036197645795
62.8042403520686
63.6267801842006
64.4739371244464
64.8690866561399
65.8370523535915
65.9957438163159
66.9331634181198
67.4690765999437
67.9716193799758
68.3286270582246
68.5507437481679
68.7426136848728
68.9586401181702
68.8761243256807
68.9205269842262
68.6981450942085
68.4131161868839
68.4186708678241
68.1774409941499
67.9546747838635
67.8236190390976
67.7849617975115
68.0645479590822
68.384725062077
68.6263777726515
68.691585221988
68.9789485473813
69.3289268949674
69.6302352613153
69.9527831467766
70.198908369865
70.0758627139976
70.0175017587809
69.7030233327951
69.6254770933645
69.4251633046456
69.2788703607671
68.9705618612995
68.5672488903917
68.4494168468698
68.1597746279709
67.9637555095574
67.6975602752168
67.8383058443419
67.7709495057876
67.6606124722161
67.2748735746795
66.8255936861023
66.352993095329
65.8986687219731
65.4762254967724
65.2858381991438
64.8366140809678
64.6175746938767
64.5074549585625
64.2870748463755
63.9933149583164
63.6527741358136
63.4903870223334
63.288109858539
63.1781691145167
63.4321722069147
63.5058041570992
63.7478537530417
63.9651562560864
64.0683070473504
64.1682198691133
64.1917549714691
64.1798399994435
64.0585903123195
63.9691029610862
63.8254474016105
63.9662838470217
63.930787213355
63.7869506078517
63.8955862160872
63.9119893589528
63.7983285755443
63.718666134272
63.6964645348909
63.805868187254
63.8522786383142
63.7773433398024
63.7710667877651
63.8758593456071
63.969114999582
64.2732315202047
64.2319434618547
64.0799094090525
63.8551088649017
63.6010849877559
63.1904120664375
62.8174959555443
62.3353207171346
62.0277534060524
61.913342201459
61.5834318534418
61.3432603268795
61.0940255287852
60.8889495936744
60.7649158824258
60.5075361467047
60.3528258891808
60.0988220294285
59.9750709344492
59.7948187035312
59.5163057651769
59.460724918928
59.4744055101395
59.4636731015227
59.5810976078334
59.8702580724297
60.1603847092286
60.3431056397571
60.5309994439136
60.4270433074228
60.2399629471344
60.0196534423076
59.8835186024715
59.8024154922453
59.6662253991448
59.5457282751259
59.5665905305732
59.5906379835671
59.4977573896254
59.4615794381648
59.4523710884267
59.6180222580195
59.8333949236406
60.0174288464711
60.0504728766416
60.3012460125643
60.736002690267
60.9706791489093
61.4117918012794
61.8772035447518
62.3242970938381
62.7649702663726
63.2570128323223
63.8457252373566
64.3393547151381
64.850278228867
65.4453668010156
65.7974725387362
65.9457026655056
65.6710492677065
65.6485640627836
65.4249295180089
65.0193756585973
64.440144250231
63.9985111389443
63.6048610983723
63.3170228526655
63.0096960053972
62.7918767617817
62.7946182204496
62.9936066418245
63.3474904579642
63.7417602583997
64.0050587043304
64.2847143165048
64.655747042496
65.325437453117
65.8821987748832
66.3114484018891
66.665801114519
66.9255407735533
67.0790612164137
67.1420099352303
67.2224070166717
67.2463003291945
67.3152761137382
67.4759375696361
67.6330906762804
67.7823273738688
67.9653495167855
68.3099859951636
68.7183574628746
69.1209260583388
69.3438668787515
69.6258651639468
69.8503509364188
70.0978161248349
70.3204437334475
70.5114161906255
70.6357467328909
70.7227653879979
70.7681066525972
70.7395411889959
70.7222261692995
70.8375127336154
70.9365599325753
70.9422343053778
71.0041437587188
71.0339313577588
70.9496877755352
70.9335817082933
70.8491474591487
70.8458304478396
70.9156434194722
71.04589403241
71.2075920737062
71.2738705709668
71.3235797000361
71.303220796574
71.2663811496996
71.1928493819839
71.1191908019848
71.0431785923432
70.9401247376322
70.8106536092492
70.6697586837105
70.5250801340587
70.38750180021
70.2953948295002
70.2657762854954
70.1589141068501
70.0101797094016
69.8170775051039
69.6805029850465
69.5133446365562
69.2413483568434
69.0277875256245
68.8253947554948
68.6145940623619
68.5090637921047
68.3347363427051
68.1126976946142
67.9587964026063
67.76016204646
67.4946430042949
67.4494459560126
67.3508515476028
67.2042542043592
67.0511897182348
66.8805423828946
66.7568800227722
66.6177365507991
66.45738511539
66.1608340430495
65.9775286580106
65.8520371949207
65.8060664080185
65.7326651849851
65.6027972701998
65.4327208192745
65.3521468674917
65.5377224542388
65.6407095769722
65.772280905374
65.8356973439387
65.8802259451438
66.0638348623351
66.1136132214215
66.2967121853316
66.4056519197826
66.453447149841
66.5189883926638
66.5210047837876
66.578823129933
66.7501292444598
67.0081977021947
67.2794543547572
67.5367274668009
67.747983652778
67.8460011687808
68.0328748862414
68.1002059757968
68.2425703278045
68.285294929789
68.2673582479935
67.9132298221138
67.4298472740281
66.9450073774506
66.7082089105622
66.3053327393084
66.1918498708275
65.8327413778587
65.5796791391587
65.4373031397244
65.2916720522467
65.2714887881739
65.1652685296354
65.0922309274155
65.0703055016876
65.0555707882902
64.9746260896974
65.0034056601108
64.9558384659861
64.9297214897211
65.0486104844622
65.1428720250874
65.299299233915
65.3401176659147
65.5040294866818
65.6620401176617
65.9217280583722
66.1474694792006
66.3339602689349
66.5253254410754
66.7322200341854
66.8649299217441
67.0404127923297
67.0977620746694
67.1367577151218
67.1249592925855
67.0685218418441
67.0076227329458
67.0718929958294
67.1533349645926
67.170562968441
67.1925874413419
67.255851735972
67.2660348760278
67.1990731289912
67.085112638499
66.9964641146757
66.8087381427308
66.6557970725754
66.4688743190945
66.1972521269035
66.0687291428911
65.8948279257602
65.6864487810667
65.4273990235581
65.2366057224959
65.1032106365004
64.9740329484375
64.9261377821295
64.8587936944761
64.7486986749364
64.6724215622429
64.5750565763148
64.6685172794773
64.6371554404734
64.7196502151354
64.749432957338
64.7001579255625
64.7264573198316
64.6002816108969
64.6424889919149
64.5784028672736
64.4828537839895
64.475354448766
64.344054326892
64.2415062412753
64.1801419202303
64.0639302868477
64.0982665406944
64.0978461852945
64.0009693130327
63.9421100928369
63.8822389168843
63.9600048022841
64.0750327089982
64.2140696649776
64.4439351828489
64.5367597283446
64.6018406174367
64.6784729731778
64.7739814024074
64.8241833322509
64.833359506813
64.8523418938212
64.840468012219
64.8009410810504
64.7723714003413
64.7442703879072
64.6564627752078
64.709032353435
64.6651050082051
64.5281997275906
64.5343795551727
64.3493323106715
64.3708088206667
64.3252408273594
64.2859247803389
64.2652945154607
64.251477550937
64.2142375718634
64.0718807908733
64.3251512534844
64.2896175573337
64.3521699674579
64.3128492445884
64.3059534224806
64.2967734572859
64.2167481451796
64.212580853522
64.2537443024579
64.2180208530258
64.2920976745143
64.2560678027571
64.2285890568423
64.2729587345387
64.2766887745697
64.3361815887247
64.3400134640782
64.4291751923041
64.4436573204994
64.5227190707889
64.5744160804632
64.6397749682529
64.6730589570581
64.5276759474503
64.5756784436653
64.5449217931486
64.5240014228064
64.5449411703069
64.5433852103363
64.4515831884567
64.3309720903439
64.393844507562
64.4625128273268
64.4252423675165
64.4266833552713
64.3782551436278
64.4285046748282
64.4251115634151
64.4459215221958
64.5030040494032
64.5188083651719
64.5382717245969
64.5547283092869
64.6105900641886
64.6436409448525
64.7568873680617
64.6651454435768
64.7058699866352
64.7630415967909
64.7415364069855
64.792151418153
64.8809843284186
64.8859134571162
64.8467241388987
64.8431101957578
64.8256645897168
64.7241590164444
64.6426913655255
64.6673389801753
64.6040389984975
64.5417383835779
64.600965144296
64.6512138332779
64.7610331513229
64.8156228845281
64.9309712414007
65.0161707909377
65.1614242454968
65.2972179820757
65.5463129840327
65.7532192231566
65.9251245507797
66.0816052656201
66.2433276050756
66.4709566435749
66.6354996846244
66.8142302887384
67.0134515432108
67.2463517904289
67.4661190732078
67.5955746484977
67.679301301367
67.8437374357144
67.9463776787095
67.9088014422369
67.8391971714634
67.7787548942137
67.6340505420665
67.4375577973003
67.3352918696389
67.2799028992679
67.1437324997475
67.0732469053495
66.9350911163077
66.755387716987
66.5997903682379
66.4949318220009
66.4385885139888
66.4380833637144
66.4593643610515
66.3751237823875
66.338558618919
66.2703993376858
66.2136862712816
66.1605561710471
66.1922923375398
66.2070410292659
66.1295358310705
66.065793481347
66.0721446722664
66.03419947761
66.0624211962088
66.0728719672331
66.0402289187736
65.9034639837041
65.8942864975522
65.8984647160607
65.9575453147113
66.1543856248497
66.3336149023071
66.3354125911981
66.5286019907291
66.5407490298536
66.4503099082926
66.4413600349019
66.3789414395899
66.2662432092399
66.1748733552992
66.0600195019696
65.8678194543284
65.7944975826689
65.5569782848749
65.3956383005216
65.1564105865425
65.1459708928545
64.9736096079886
64.8594332380286
64.8106221065425
64.6586415439054
64.6878352835727
64.5579553362874
64.6369695182382
64.6105509246273
64.560308066631
64.5091263141795
64.4724764159635
64.3523402243761
64.4041028549461
64.4071717974081
64.4885553125487
64.345202992682
64.3836274567325
64.3708414218778
64.3982226279298
64.3574375230075
64.3297503975239
64.3416187739738
64.3400486352176
64.353117992593
64.3102294956989
64.27858811086
64.2270373209905
64.2093983717477
64.1840308760186
64.2044391282054
64.0384794522867
63.9640320548314
63.9620759470424
63.7291266342086
63.7078573550753
63.4875434824037
63.3698474248114
63.1358931699909
63.1719186235815
63.0772829251384
63.0030541212885
62.983730646634
62.9714924859436
62.8666870988332
63.0417355617141
63.125543871941
63.0978091541711
63.2486476347784
63.4443516610841
63.3248252788841
63.6769398267108
63.7244900464381
63.7500812305922
63.9306957352912
63.983164143805
64.0896377397774
64.1542054948227
64.2071894439064
64.2087948770441
64.3936620286389
64.3799325905444
64.4284830988483
64.512916194325
64.4247102708536
64.5043769625719
64.5279905962029
64.6067735016844
64.519696560883
64.661876134626
64.6396317878333
64.6032696630239
64.6469490413585
64.654424529911
64.699250750416
64.7413239759253
64.6405432124967
64.7230319351553
64.7076433080097
64.7072511880495
64.7250685660366
64.6947431169201
64.7029881713312
64.6961524899092
64.6571431214641
64.6698906988277
64.6732488854481
64.6646421851015
64.6841307206396
64.6641952943346
64.7124415755278
64.6911724960253
64.7034926111544
64.676623283047
64.7465928809253
64.7544566897702
64.7361428455394
64.7531805845076
64.7133102120064
64.6845285530956
64.7009416681317
64.6794756380417
64.5746349318155
64.5906521384576
64.6126810669727
64.6900256308705
64.6382912545138
64.6708782877797
64.5605206635961
64.6127527184171
64.6559932484165
64.6221471091647
64.7737419425118
64.7581400188714
64.8153117530256
64.8523997918043
64.9550621000051
64.9611546818208
64.8557139201011
64.9488132217294
65.0651532386383
65.1599454248031
65.208680027966
65.1657738536339
65.0815305034271
65.1497338990544
65.0949925904709
65.1121169562699
65.0919002509062
65.1033077615113
65.1414934664683
65.0874231768188
65.0010119935792
64.9825139515382
64.89663759411
64.9214379097326
64.9516389162681
64.8591708583957
64.7299875708206
64.5920092597059
64.5242246488515
64.3725097575403
64.4426671698631
64.2259542036901
64.1397358690962
64.0197119914271
63.9137794402973
63.8825195745083
63.7573776111747
63.7753159871899
63.6618482917702
63.5839504587161
63.6284736448427
63.593050583599
63.5686686790316
63.5993256996734
63.7235819771998
63.7694289883598
63.95313938624
64.0778972072024
63.9670964636696
64.5125186053922
64.6344432825314
64.8012088708943
64.9685899029574
65.1693939224873
65.0452123949701
65.2439496843449
65.3504062682532
65.4176690588361
65.521338268971
65.7074953517158
65.858413375691
65.9196124788715
66.045145043936
66.2585923672978
66.2477663829848
66.3962172367767
66.5246455442936
66.6691611681574
66.5992104633609
66.9463708708356
67.1970255911224
67.6852722990864
68.0281304670257
68.3332340125756
68.454661471657
68.6230148922219
68.5200645333076
68.6217005936843
68.5572494729757
68.3791485178462
68.1505292962384
67.8396281803205
67.9557476225566
67.6879333302807
67.1247203412191
66.9633610288793
66.6628292050044
66.0811233531531
65.6853441122049
65.6149944208187
65.7566152854505
65.6330134397461
65.5702504695841
65.2166182797431
65.068950683589
65.1563153257705
64.9075571432083
64.8747029916823
64.7760551984684
64.9869579041188
64.9217052316634
65.1087244831061
65.119386265643
65.2177874422929
65.0858757479363
65.1022950359707
65.0844284703144
65.060262447267
65.0052513998909
64.9617994130001
64.9293974777874
64.9206522698753
64.8791017500484
64.7854762708576
64.8173071193726
64.7799142114615
64.7274758402794
64.4960558085045
64.6939910845791
64.6410233855421
64.6116634253169
64.5054957999899
64.5805862883392
64.339496108372
64.3795076194786
64.5124611607658
64.5366609714305
64.7085219714934
64.6897395298744
64.4677330755026
64.7236737020523
64.6584988220819
64.6922606879051
64.7055770089138
64.5772054234077
64.6810366014037
64.5825024526827
64.6061120684801
64.5474988120241
64.5646503301747
64.6857618002846
64.6722245736399
64.6860435198778
64.2351729136471
64.5892934688412
64.2320951003971
64.412452472813
64.5210169064521
64.4268403574892
64.3738548104425
64.3510562377034
64.4091029001583
64.3657597694046
64.4600577419586
64.3287147235529
64.3449052810686
64.4521947565084
64.3109972683344
64.4626293207964
64.6052500080743
64.6812741797098
64.7373264148435
64.5951188697035
64.7015287439842
64.782587187724
64.7280224712092
64.7856493422015
64.798435955206
64.7430914162749
64.7508509818267
64.6792758468224
64.6710610352208
64.8002838613912
64.7279915741672
64.9136056729093
64.8481530002949
64.9433923626378
64.6733852539007
64.6476081443139
64.6941230683813
64.8227501875451
64.8121673422743
64.6040812977985
64.6313800548578
64.6847900559628
64.6538271484627
64.6495497864035
64.187357233083
64.6190374507316
64.6572265955654
65.0496836761151
64.6887971841338
64.6988828359108
64.7639104981576
64.7364365167095
64.7439847186909
64.7976073361337
64.6977438972417
64.7330986496629
64.6920769204262
64.6193259310745
64.4510039477068
64.5818536117673
64.6384908369505
64.6667451264654
64.4666679824269
64.5586841816647
64.7705822618932
64.4964254768883
64.6040845237887
64.48200734536
64.5166853676873
64.6757143820521
64.7290223828771
64.6930438614786
64.5574704628791
64.8310910522322
64.7713934794682
64.7892709218077
64.7753884428851
64.8529076453845
64.8999435513577
64.6727257229148
64.9196014378934
64.8495475557531
64.9020064364478
64.7789914176561
64.8577789630837
64.6392509326321
64.7848881946812
64.8490169413836
64.7259415866474
64.8081591728096
64.6345948568875
64.7632363994131
64.6043231982008
64.8418597262726
64.85285017301
64.7881034447711
64.7874110208598
64.8694306456792
64.9028919021647
65.020588157704
64.9420852645773
64.997141368988
64.8461413850723
64.8767997908625
65.1478510037355
64.4591286151982
65.0640999743558
65.2304994962523
65.1116681042355
65.0248162927309
65.1804105308403
65.3047147249711
65.0711976412963
65.3470177660737
64.9141504659422
64.7110859682587
65.0045345029487
64.9223389431568
64.9728023689567
65.1333389063052
65.1636923243593
65.141984119735
65.0026044126358
64.9971744067757
65.0430153534639
65.104616145899
65.1204521972865
64.7481467244731
64.6626336226237
65.1049929210671
65.1029665472821
65.191553886069
65.0504546950401
65.2605582893186
65.2762312441325
65.4222767032766
65.3839568814546
65.4386100839027
65.4912986568186
65.5883283079395
65.677852445202
65.765210235941
65.7948883483522
65.8994600881324
66.0332287597324
65.9418871508307
65.6192321444494
66.1232742300862
66.1616092967593
66.1825017097044
66.099747908853
66.0633597826612
65.8599910046538
65.8164146527983
65.8619319916548
65.5205368166056
65.466597439956
65.5921894774169
65.4147967555525
65.2700873481188
65.1512754607542
64.9847994659449
65.1122112555989
64.8672553026819
64.7109369511068
64.8109962138855
64.610707394977
64.7104031702937
64.6242900878111
64.506885388852
64.5784068284153
65.0743935195933
64.7860648272095
64.8172927306027
64.3540162804468
64.7008856447794
64.539834870189
63.6659694757305
64.1248965587347
64.6118413966273
64.6997485780781
64.9326863579522
64.2499128664333
64.473619728971
64.5866562196088
64.5689925285503
64.4016902352173
63.9149137184421
64.3547623615752
64.3759596304883
64.7675903327324
64.6112934930653
64.6466175364826
64.6858197984088
64.849488303144
64.689494974023
64.8884163013524
64.4187464187135
64.6642043543599
64.4536082703625
64.726710650482
64.6642061644853
64.7214306348691
64.6700715428244
64.456159489637
64.7248575962134
64.5101960546233
65.1193002382593
64.5995515271644
64.3769995648156
64.5816688234013
64.6458314254868
64.5520323547704
64.5099385754547
64.2036423327148
64.6019212789895
64.4304102365136
64.5940818513545
64.4809335774461
64.2066926865988
64.6475896217995
64.2838791182807
64.6947479318402
64.5870602738764
65.0224547056966
64.7595235456481
64.1177670170017
64.864358945154
64.7254894381062
64.6523037155833
64.7407512963011
64.9398475941691
64.5835701422253
63.922742639394
64.4908363224547
64.811786852313
64.8601670204335
64.5394730640125
64.6494725401251
64.6947111294452
64.9832488922561
64.8067000001059
64.8861397482856
64.7198965196474
64.8772628960028
64.9485614899524
64.9568534931717
64.7953886333959
64.990939651124
64.0869587339603
64.6689246372206
64.8010000005054
64.8147671422952
64.1094407141987
64.5588719865539
64.7971794765329
64.949773015337
65.2172856328682
64.9644719779247
64.9255714501444
64.1130041956401
65.0179825313051
65.1332297114383
64.531451936041
64.1944980557324
64.4300724392714
64.6468123808411
64.5043068512259
64.1013643131587
64.5159907286761
64.5495520995315
64.2598112945083
64.43161434886
64.1279713517918
64.5486293759617
63.9632590736424
64.4091417348117
64.1876820291404
64.4760406386011
63.998036471296
64.8645638379832
65.441246965204
64.6416456367091
63.9286558296391
64.7127536954833
64.9261610688571
64.5334728688015
65.04311056282
64.8513316608524
64.8800771441995
64.1312919088521
64.284739748379
64.8889104567587
64.7771576488728
64.7944188638094
64.6695419950667
64.3035776072725
64.9814221154501
64.8864948173065
66.4076661067904
64.8050731399729
64.2607209725104
64.8967026454855
64.8038377057382
63.3310499042018
64.800312343367
65.2503224681984
64.7823207608943
64.7832790779125
64.7444636559035
65.3811503843715
64.8030757417376
64.1927896064906
64.0669105832255
65.7382984791058
64.6665350846265
64.7400323924502
64.8791592775086
64.1712483043358
64.8526437253944
64.5360326718224
64.1486386500262
64.452112951766
64.9126007522621
64.9928416117641
65.5720836972115
65.2228073583412
64.8101144830761
61.8426840414785
64.5745531284902
65.2712763552108
65.0126205607694
64.1357523618889
63.9354668764965
64.9328282102933
65.0172178779819
65.7731268154692
65.0840296335434
64.8653786078166
65.2045337227159
65.1426166473191
64.7272077212751
64.9575836268163
64.7556958424794
64.9525474537462
65.262530008889
64.7610670007531
64.931262608194
64.8873332992549
65.3960012911436
65.1279763481565
62.1532642937509
64.3615123582682
64.8072590141299
65.2941809095523
64.7412603765415
65.0220226115155
64.6810002827148
63.8480416071474
64.9923190683602
65.0797812678181
65.0531284553319
63.56297286434
62.7658470746299
64.8795407653539
63.27282996442
64.6977169317273
64.324826633339
65.2345896990108
64.9572242748898
64.9798787186272
65.6168471845269
65.1845440940953
64.9311939283073
66.1245451380643
64.807943132349
66.2312090246819
65.4132464759781
64.9117717532847
64.8779212048742
65.1906307987924
65.1461031173492
64.9833956074254
65.1317788818341
64.1462870997062
65.0951404220147
65.2916838921929
65.4546804784861
64.1929028010977
65.4298866115164
65.1065478396146
65.7296091859303
64.7706582711206
62.5191212808005
64.1074417995392
63.9910608384332
64.0705223388398
64.7146148156535
64.8280883747179
64.6874045497053
65.1520867954755
65.7076672456364
63.9117792697503
65.5069699172826
65.5257551501518
64.4337152324865
66.4692912585617
64.7407502399473
66.0244953725027
82.2034111371658
62.9526372421308
63.6433501886054
61.6958755299329
62.8627760812088
65.056783956584
63.7348018808665
64.851790949951
64.4664892209017
64.8780571551618
65.0145596028888
64.7194972336653
64.8119158821632
70.7656635742757
64.9532724631785
65.0649346716656
64.0375321963992
65.9095266416736
64.9734277393137
65.1031498308366
63.3033349374264
61.2443269963709
64.6822663537251
64.5523393296013
66.8902082072413
64.9494818761791
65.8842176454942
61.7493750699109
58.7514623252281
72.3281252867586
68.3188567366274
63.0306392296834
76.5485552038969
64.4808729884398
70.3868054066724
62.1768843811736
64.4315995194685
63.438683948124
66.1093167809294
62.8339861952123
65.4822796938443
63.0821307215583
67.2250393490101
60.759875279312
59.8168920464632
63.8093244517702
57.9263241380989
76.5951705154825
60.6746224445499
60.3870871509167
63.538215757685
60.3874028391722
97.1949784764271
63.8791842442353
65.1005492278933
60.6982188218454
62.1814427016268
69.4970373767792
67.9030084405073
76.457379104972
73.4315425764582
63.8489810141592
62.9983842065415
83.430435625891
66.7242060149523
51.7312411484137
51.7493567442506
60.3376308821183
71.8563775956725
42.3831565716864
58.8848260016601
61.0473242278057
63.5181375689438
67.601616654426
62.5940812835374
77.1082418706609
90.7706617663416
74.8613438525475
73.229351813213
80.4207778518869
58.845586736945
43.5900464628248
76.0496412937479
64.8957671774686
50.7854678728549
88.7010218007663
53.7570886384683
69.647758942843
56.110440168729
86.8566649614757
50.9166571195943
91.857175816651
91.2895055948209
67.1576210104932
69.5658248239774
57.8114608405196
94.5765820109551
91.289505615326
91.2895055948209
91.2895055948209
91.2831015433395
118.71769172084
91.2895055980394
91.2895055948209
67.8949015859825
90.1172991451222
63.5554664778896
45.9345376315708
45.9906589473641
43.4406613767418
51.5619287758891
55.2283789555758
58.5521498472335
63.4784314765075
80.8260447561796
80.318032238759
83.5318904415207
84.8283333379073
91.2895055948304
68.3455111160099
94.4054994910528
91.2895056062534
91.2895055948209
91.2895055948209
88.185543456964
108.575803757759
91.2895141419466
79.7476834019995
97.295607813838
53.8029344521947
30.3594989132563
45.7673972294121
47.7463146483813
84.9719470854001
91.2896297231167
59.4100043468472
127.228984361815
91.2895055948273
91.2895055948209
91.2895055948209
91.2895055948209
91.2895055948209
91.2895055948209
144.86100956382
91.2895055948251
91.2895055948209
152
91.2895055963969
91.2895055948209
91.2895055948209
91.2895055948209
91.2895055948209
91.2895055948209
91.2895055948209
91.2895055948209
91.2895055948209
91.2900587411192
91.2895055948209
91.2895055948209
91.2895055948209
91.2899431774825
91.2895055948209
91.2895055948209
91.2895055948209
91.2895055948209
243.289505594821
176.108453189384
174.097013656477
130.453578004954
146.512303963512
184.261922755665
148.425312217713
119.653468303316
115.662271899508
140.016141000372
91.2895059070723
124.248146336284
122.394267808381
112.469044321303
94.824941543349
93.4484083130813
88.1697399246524
88.3942863775057
74.3385735235529
66.6871455874656
58.3996449178107
58.20035711798
52.4907836820495
49.4817984283392
47.7793426366462
45.3468763243351
43.9623871948133
43.1845407537804
42.1360002440235
42.6787065302535
43.0695071883856
41.9238390606157
45.133217923118
44.778880638588
46.1397972593681
44.5043631090072
48.2670835769459
49.1069801733628
50.3281872688484
45.4502756093954
47.350322180615
54.743640105068
51.8246841447673
60.7874868340675
51.4453985708451
60.647967147983
57.6472866350654
67.525641202746
61.0419198080623
62.0954573122449
67.3796785909798
68.9348214321416
79.4581984259358
77.543152446618
88.6662995516124
66.4183377454617
91.2903782848415
91.2895055948209
91.2895055948209
91.2895055948209
91.2895055948209
91.2895055948209
91.2895055948209
91.2895055948209
91.2895055948209
91.2895055948209
91.2895055948209
152
91.2895055971051
152
91.2895055959561
91.2895055948209
91.2895055948209
91.2895055948209
91.2895055948209
91.2895055948209
91.2895055948209
91.2895055948209
91.2895055948209
91.2895055948209
91.2895055948209
91.2895055948209
91.2895055948209
91.2895055948209
91.2895055948209
91.2895055948209
91.2895055948209
91.2895055948209
91.2895055948209
91.2895055948209
140.2962727672
