109.55689754162
70.1153396430309
61.0050543175174
76.1418562562239
64.7139837739663
63.0215206515624
69.7612758063081
68.3229240126933
68.4685897486341
67.2810424984414
73.2970132334829
65.5603467630467
66.7442649993988
67.1159414722036
68.2602923855096
67.631133987031
68.0056783236599
67.6462526047836
67.1602163529871
66.3666437701996
66.5548800898293
65.6357123593004
65.1839694417023
66.0866928908107
65.8560312273839
64.0074846768554
64.0659552012937
66.674665641733
65.9317024688499
63.7506535265537
66.0187018255188
67.0459672790085
67.175515729907
65.0247273404945
66.399012664305
65.4237264885507
66.1752361063672
66.1896003636476
62.9812517044961
66.2616508348208
67.0691238007148
64.6526120414461
65.4303742926976
65.3605905868971
63.6458974094297
65.4897513764903
65.0262215139022
62.1447345981176
65.2301341177849
63.9148199477242
64.7776531026748
63.7021927087762
61.4132981299961
64.8116236585197
64.4216932945557
64.9448575014696
65.2410467611458
64.7335118274889
65.8622254249182
63.7127416760238
63.8365663982185
64.6192444634116
81.9150455930143
81.0775168438064
61.8089987858135
72.5407136716262
58.5308486230632
62.570359497563
56.892623580467
60.5956478593506
77.3117016236717
77.4689048333751
69.325820458426
64.3148108178572
62.8299304042069
102.20054194254
72.208957759459
61.7023386680057
75.7683919959715
92.3430453254643
55.7938995794848
91.9899440426735
87.838595756531
48.5245802810741
70.1319583876968
89.8363179123452
79.9594459199697
82.5925331293149
52.0882345232433
61.064094705433
98.2846600931997
85.8628849022825
61.3817751165684
68.9827709219365
61.2202924938363
57.9841953866529
53.8001110072837
65.0029702442565
96.0490932643914
65.9417226801303
27.9254712405557
91.9569877386274
39.6367836036649
62.2938213860553
91.2866519492553
52.3135258187191
46.5108663308723
57.9710660876797
45.7525170210537
48.3162778737411
74.2693901443303
105.204992169569
60.5407727729652
61.8735426299354
64.0269671060591
39.5137301838122
86.5641127515233
77.206691364647
53.6215170198499
90.0585586372887
54.8499492908139
54.1117189972718
64.6226427153372
72.9982854531373
50.6030132214583
45.2453907617417
94.6329676699382
52.7645633549017
55.4725510507277
59.6508414073802
61.6749878197807
63.4465404485418
64.6949471942838
65.9468261414386
67.0185317953346
67.2080731341479
68.0459410557588
68.1881189753485
68.2776717028232
68.2116352248349
67.1847808299376
68.018917979386
67.6632668384794
67.7032096190541
68.0961586381541
67.5689122984697
67.0049557132823
66.9724274643254
66.2028771332181
66.6223398933941
66.4237773130642
63.7989779652813
66.0060938738913
65.9572154576903
65.9136288184925
66.820310774987
66.0881209969109
65.5103603834158
65.7154939409116
65.1456074159056
65.6350941325402
65.5602495539305
62.8474487634947
65.3952610649954
65.3885555990797
65.3532582971803
66.3804946845633
65.4244070745377
65.1119273607015
65.2174251631198
64.7840613675281
65.1950574414379
65.1771774578834
65.1446851957796
64.9528698993423
65.2108793076415
65.1977571925002
65.6325401534604
65.6044924974223
65.1167523245623
65.3694351069815
64.8082221871629
65.4328105195347
65.2293964874421
65.2559020854076
65.0967927580421
65.1561603434644
65.2027814138157
65.6855381806535
64.9808537884306
64.8215709545137
64.8838552663464
64.8693062938876
65.0773212275936
64.7201760568563
64.8737154429363
64.2053535028406
64.7307775714756
64.824862416398
65.2447105288952
65.0001168004957
64.5930347153142
64.6448228624136
64.6260649157345
65.0011246343883
64.7529523447049
64.78545146823
64.25862388699
64.8927748253819
64.8963161694604
63.7373765073708
64.928694108952
64.6210136722339
64.9484025739664
65.3289544197459
65.1920988146261
64.5679660432238
64.879780792728
64.2096361683189
65.1240505900832
65.1263703468301
64.0981245384903
65.6230470264805
65.5555554417823
65.8030893956654
66.243856433632
65.9245309168059
65.7089252160029
65.6823729234021
64.9822584334793
65.6093311005732
65.4740828821055
62.725621603152
65.192687396269
65.1195923934792
65.5126539254276
66.2719179208333
65.424817489799
65.009898449824
65.2727836988066
64.5392518153551
65.2610073595041
65.2194812839978
62.6605503330048
65.0065848678124
65.0144399724732
65.2924609280971
66.0434418889195
65.5951033534664
64.9232541543087
65.3068084103903
65.0957676891853
65.2474538282229
65.1979091461079
65.2411250613369
65.2269249713652
65.2384934676811
65.2864125223787
65.2512973751542
65.1812626963623
64.99129334713
65.4211599961825
65.4304991873564
65.5098556850228
64.8231420057436
65.2439579614441
65.4807187773545
65.2443530925293
65.1531778269132
65.0368104504499
64.9376923427519
64.4713899041044
64.7960740472164
64.5680401522974
65.0667641440763
64.8616927270074
65.1848646363249
65.1592773083181
65.10555032083
64.9267970019658
65.1969285816169
65.5604641136833
65.5453975206369
65.6315293468927
65.5521072225513
65.4842340084159
65.2463040542535
65.3038974009487
65.1759742607303
65.2839340927029
65.182928236757
65.0994911708771
64.8181778932418
64.6368840158823
64.4714030169847
64.1691387536742
64.4314503182052
64.6757336238383
64.903796998677
64.8647124952272
64.5906091518144
64.9672166379369
65.0341413156639
64.8949863515746
65.1510905789903
64.5539150331751
65.0930899030716
65.4530340665781
65.2118323037219
65.4805751627971
65.7589249035984
65.3344889620868
65.3604908210646
64.6156185322529
65.2956278711448
65.3037225625875
65.2159539440412
65.1348099982742
64.8770703947413
65.1290276732399
64.8285997658207
64.6292276219945
64.7207451200949
64.6315733414288
64.9781917333222
64.3375724400047
65.0926472997371
64.2933075545259
64.3481164314103
64.2164088545764
64.1724569572467
64.6260595895739
63.8590485140409
63.9174945617518
64.0059718990353
64.0689617852318
64.0104295404688
63.9401220611671
63.7029454180036
63.8307790566224
63.6422104405103
63.9842296713985
64.0751867029019
63.9663639679551
64.2436039319602
64.0442878738125
63.573944625867
64.9676107402668
64.2638865379244
63.114820628886
64.1045547772364
63.9267202871275
64.3642744398083
64.0043001337312
64.6141923094137
62.1395947402495
64.1805459048333
63.4280792022083
65.5897841914497
62.7573724261555
64.5081831563475
64.6408316926133
64.50489039872
66.6304196271937
64.5028740960378
64.6405031978881
64.9419982883377
64.6692877476648
64.7693587329141
64.3525034691689
64.78802278696
64.9681228813383
61.3929609183894
63.4622634981568
63.882989822736
63.4322683278207
63.2216453324943
64.1722613505616
64.1752665565383
64.4023371492434
63.549864358338
64.6684130974678
62.4143712368202
60.2150772072049
65.9096096578477
64.5168327206976
64.786806436264
65.0652875555918
64.8223065483563
62.7836935359599
61.8848484993964
63.1689525963698
64.7291430899083
63.9907759428817
61.4931901789074
64.1592158658326
66.178464277536
63.8764205127549
64.9909768059596
64.1090831643905
63.674064652689
62.865126865849
63.183752244814
65.7436905950021
64.7709657730508
61.4242788481457
62.7585229505204
62.9668892794797
64.9622713307881
60.8734786148454
65.4821182687087
64.0543564509134
63.9295023218729
62.9380734548211
65.2520315004124
63.6082179670108
64.2584378690448
65.9811168399032
66.0202592785185
59.9565427289315
65.2445550986617
68.2577912890633
62.7844451675119
65.0271698574839
61.4035499681229
63.9662332025286
64.6282866489084
58.359610587371
66.0012727031335
54.6509897055213
63.5160919970794
71.2802865079626
75.4439874748951
60.3161852114754
76.8912750837154
59.8562434444485
73.0958239634381
81.1567433180756
63.1572449952537
54.5666752546199
59.7875724621347
62.2919644099119
66.6837354153117
74.9398314273515
55.2209140473488
61.5583848189344
98.5211058202627
68.652593056738
75.2616147527485
68.6614520562384
55.5457507650173
98.0879952119383
71.8710271050425
77.2912798635113
72.0371216465437
115.440797255183
83.633480019474
50.4005272656337
45.4686462233637
42.8470154245604
38.6059116010247
91.8924337636291
99.2023296357458
87.4499401910224
75.8320238084759
53.6306301842359
41.0531147542842
85.083314861657
54.8312036553589
52.1687254306472
55.7752107268785
60.4713117463206
64.8218275082533
40.564768611965
77.4204003428457
60.6387008734226
54.0164553872533
65.0099542792626
50.6088617147668
80.9726320470552
73.6848975732663
64.5946234225953
39.8626938081286
108.152120351105
96.0596811450258
55.6763217212226
58.6226640292336
61.3614083974633
61.5875345965645
63.6097985480248
64.7515315651754
64.8331549904845
67.7590613068947
67.3627843187827
67.9401729903178
68.6173422166817
68.7189198696799
68.354524920134
69.2857352923945
67.6570252907138
67.490257949947
67.7915766302946
67.5171456139728
68.5334836959904
67.3802402979591
66.661727155194
66.6646970248272
66.5344114252963
67.3931025652466
66.0930880435307
66.0535225007594
65.8224246721197
65.5525529778049
66.9116197893905
65.8383833323377
65.5587291639077
65.6243430834594
65.812388634441
66.4129709075502
65.7537744060344
65.7039751686279
65.5823247951656
65.4154452561108
66.117312452208
65.204963167311
65.3047757250181
65.5131509865136
65.1766107470754
66.1100688038709
65.412409243917
65.0027023600576
65.0930005290551
65.3591072944573
65.9565144066913
65.3445149871209
65.2736643836037
64.6756798262603
65.3416135763362
65.4949575095569
65.7532237190623
63.2011969422019
65.3811185930793
65.4953286791911
65.4463744422857
65.1763992374529
63.6082897049297
64.7634006494532
64.6989298998835
65.1008712318886
64.7778317417469
62.4088300679491
65.0789391755745
64.8949148721914
65.6600313890151
64.3250343991288
62.5065724523595
63.9896316424516
65.0893978960829
65.1340162680975
65.2834797470788
63.3585709592447
64.6372774815643
64.6944177779712
63.9989576313416
64.9773768784207
63.2695373985292
63.896729608268
64.4989599554654
65.0677702487463
63.6795196986652
63.9624314569244
64.3173713508682
64.9610341730779
64.7685911254785
63.8805867699401
64.2542049816771
64.4959142368187
64.8926211455738
64.936795786954
65.6328711968031
66.1848992851202
63.6476501421207
65.311473202404
65.0847636823618
65.9082876309439
65.2981196841515
65.55160511314
65.4038533870495
64.1527406512774
64.4142118198809
65.0274394120689
64.7459003860347
64.6441692366665
64.4471151820041
65.302388646115
64.4093186725032
64.8536450510581
65.234373018339
64.2831600329649
65.2545581281162
63.3835707479028
64.9340990472808
64.9507636076253
63.9503148313367
64.936092609146
64.5905038318708
64.1548564119571
65.1390539587964
65.5276959056275
65.2332261798329
62.6799088951032
65.4167839766874
65.3098202244596
65.1285494614952
65.5455316143486
64.9802323331807
66.0293784587143
64.4398807052613
64.2248287574768
65.7043429896151
66.6539299793864
65.6430232793319
66.9513470419921
65.9117223578444
64.0737481411265
64.9516540220834
64.6516401876581
64.5214656948956
66.9383989650556
64.9612550882707
65.0170384407748
65.1066438144958
63.3113328846506
64.5603026899591
64.7060135698675
65.9422340999744
64.9263255501304
65.3743053242379
65.9749551834266
65.8963676169664
64.3722626292958
65.6416749930316
64.3499654938904
65.2750794299307
65.4433652623859
60.3104457296415
65.2969158834886
65.5612751820544
64.9656968902784
64.4726816033448
63.006684997173
67.3661827657794
66.1102519023077
64.8708127446591
66.0884935639235
64.5177754275619
64.37534099837
63.439940034888
62.9624360235495
64.1332084819057
63.2018670907071
64.2106287340295
63.4516224454279
64.5316408999994
66.7403905584114
64.0618562222849
63.9125915450441
57.8464414416045
65.7596371572962
70.8373707860455
67.1285314471894
64.5442598006795
65.3738926550443
62.4263235779219
62.4841657172553
59.9768769115701
64.1094598826195
78.1065889836898
60.5556777302748
70.8079060524709
67.6181700469135
67.9832034652218
61.3856642694986
60.7225043572799
62.2937240612214
63.430923649239
60.4198398148747
54.205824709201
59.6718255530028
57.7199554631248
47.2250629214236
65.1336535715657
78.047982013898
57.7621384458872
72.0327918300633
62.7705963241563
83.0326635643687
63.2101116257855
66.3359236142441
74.5747584249745
81.7925036025587
103.722648284466
61.0742445239335
74.5124754099934
68.8568061088671
39.6346851883833
71.7817073434606
47.5157943964777
82.5433089143519
47.5416541882882
57.1274455289736
64.3556921847803
114.988861276222
85.0164900740793
113.265465990088
46.8065998292803
103.460714923872
79.9108513663885
38.8193028198965
92.1821391804966
74.9051319267517
77.8899571364647
80.3628230326167
36.017614677406
47.2628573403653
41.2505359116996
53.0604185368102
49.5430016584864
61.8369282262843
50.3724767277123
64.4262878862303
71.9836642791159
78.2651536285814
83.8036978888457
70.5574687015347
78.1931333081315
79.8153565011058
56.9646530191553
69.4049178914878
75.6405046603124
67.1619309369778
26.7409943639971
47.7784644807751
61.6396731086448
89.8407940752767
71.5301158848259
97.5252869854357
53.6090113310986
41.6722954986001
51.7070648857159
66.6444761185139
74.3831387386981
52.2985751131576
87.1984068434039
70.8803404560786
96.4856295668667
65.2774518542019
53.7115757845801
70.834122243959
57.3388207596813
59.6449893145414
73.3832089238347
67.610784167848
63.2834967144703
69.2276147218735
62.9076192196986
68.7806967147346
68.1234319867968
68.5551087124732
67.6496699950992
67.1274161936078
67.039286927093
68.796227992583
66.8218860439258
68.6655329575761
67.6341024047237
68.4396264079595
68.8802874308343
68.1443534708864
67.1254172645623
66.773359885853
63.3821920646031
66.4851556750287
64.9812367272722
67.9381399418817
67.185124165242
66.2440671706433
68.3478424817805
63.0434060007812
67.437086842847
66.5949702283177
67.1559902302649
67.7235618431862
66.8228509437427
67.9079624725327
65.5448773008264
65.3441560828284
67.645137665903
66.2434175262938
64.6391764111462
66.705780107308
64.8113143402607
65.5932514448634
65.5008256116024
65.4743299251467
65.0881302682206
65.436067510519
64.3353293450742
65.0321614436378
63.9278366382567
66.0546228390191
65.387556299539
65.3153052746378
63.0074864803791
63.6304340218075
64.4633153902335
65.7144395885452
66.496585606992
64.6082973327454
62.4425746839807
66.7843923886481
64.8574501450655
65.3570892533896
67.288112023564
68.6494122574865
63.8555859976444
62.6620351426234
62.6339177679589
65.8929030681787
66.245907307452
65.1604654138656
63.841402200109
64.3535891115355
64.2477842288599
62.1404422231301
64.119773505149
70.0888116866992
69.1852328587791
62.5847735124803
65.3159250705826
66.9667443934846
62.5548490751352
64.4736383346357
67.7726628466954
57.7730262943549
81.1466317090936
75.2220913930458
71.5969211907353
63.9244482804529
64.0993710957198
65.6836307768321
62.5190950963657
67.5050137934016
63.0384109780704
71.883456316522
40.8311499194215
78.7534448008613
56.6426138110952
55.897210248628
94.7813930399704
49.7474259300154
55.6882859527088
61.5755170784274
61.5257892399159
59.6958718472702
59.5057967612549
58.3528710874549
76.1088315103199
75.0687310789992
60.4678717621444
39.6931966112838
97.0614252537989
78.8497256930122
58.2628662704675
85.1436349005878
62.0127332164248
59.9919336963641
51.1408658413244
75.7802980261095
49.8846837388503
42.9932648013909
94.6931470676002
75.7864007099475
45.3529713499933
59.2447984091814
64.523765373534
81.2450427447829
80.7522917392469
78.3907567368688
79.8349497737393
92.8156719407062
50.0614189531379
111.685051809253
50.0820327406528
43.8768717700617
76.0494400259261
51.2902643322748
68.8150792547859
110.258251096315
115.33678233365
48.6432881343289
70.2272681979605
40.5701013034217
81.6494547979211
58.2125857640271
59.5909191957209
39.9480622767988
71.6984273961593
59.197470715912
33.470290518752
59.6328065070039
68.8613673810722
59.5171929516077
73.3505189591815
59.4629861804345
96.2837479267523
81.378192993114
56.4332128191777
58.9005387042643
57.1643615443797
65.3994584944177
89.7532315801173
65.506017016035
82.3584278980662
72.4668511106135
65.082557919784
52.8237429054766
67.4693183716908
95.694556919585
67.8399713628385
104.572344368954
55.8390072863031
59.9549548974365
61.3733019060284
63.1082643061924
64.4935572481507
65.7718554718928
66.9008888384543
67.9908711604786
68.286157786113
67.7514371198363
68.7768748721592
68.7447486495612
67.5448712968342
68.1045149102069
67.7074262768093
67.5732707790276
67.4047080821784
67.6993246960892
67.1535615599368
66.8075429095333
66.7180559913518
66.4698341180376
66.3513445760752
66.2085039949653
66.6110809909101
66.0793456809089
65.7976837122621
65.7586590262388
65.6289885667253
65.554610681422
65.5017337291947
66.0385589144034
65.5570791799793
65.3962358222469
65.3952744254699
65.3126348500111
65.2776947204308
65.1812579858048
65.71521077581
65.1970308489741
65.0078892537506
65.0516638322894
64.9668217743109
64.9680190585548
64.9973079635274
65.5983837814895
65.1254220954722
65.0393482872074
65.0885582804827
65.0237388941956
65.0704178216832
65.0710285412744
65.6496672508445
65.2608531646778
65.1262479619368
65.1899546870791
65.1191550718519
65.0979258256408
65.0682547265535
65.9789330500263
65.1980979962056
64.9248261784267
64.9447897176163
64.8528174416366
64.8099112583454
64.8193862329008
65.7421394164152
65.0855501673717
64.671594599942
64.7730328508256
64.7464477214485
64.7441466977233
64.7202379511625
65.641255502948
64.9252740805573
64.6766746565929
64.8253056610617
64.7730887147723
64.7900455054139
64.7694529758501
65.6917444160642
64.9791171397422
64.6943452615331
64.8111566921496
64.6942907935318
64.7341690957929
64.6719897604486
65.6615612950585
64.9087160332234
64.6712872561602
64.7969290332529
64.8129411176122
64.8998958436414
65.0154004447703
66.0738822044492
65.3956535160153
65.17798735565
65.3361405571242
65.3085700895543
65.3077237019042
65.2555602914444
66.1438616784315
65.3447614180867
65.0678422668642
65.1150644144913
65.0345416012423
65.0452030070487
65.0552906239202
65.9801800285825
65.1819486390693
64.8981507280179
65.0456871068769
64.9458848292798
64.9643355821965
64.9439487614407
65.8852934629346
65.1856811257753
64.8423876651511
64.9971488974837
64.8705351030449
64.9082806646254
64.8572504010644
65.3000413675314
65.2513774442258
64.6087526936701
65.1039605371508
64.8926052749711
64.9867393526634
64.9980782823857
65.4509779365864
65.4490518055789
64.6588728462208
65.275479544327
65.0434861381368
65.189755343586
65.2278078226024
65.5092001857612
65.5662354978991
64.8979702026672
65.3120005320822
65.0643864470309
65.0573595273043
65.0229355292586
65.3426775798419
65.1527307482787
64.8010760552228
65.0888323021642
64.9875547100686
65.0923353126543
65.0945319153616
65.5152038230352
65.2600130362421
64.9914718983135
65.3033228963703
65.2324419536456
65.3014703309956
65.2663670488903
65.6615861976797
65.3444287317178
65.0423864335379
65.2225081725481
65.0741972900407
65.0564515039049
65.0034316299784
65.3418842805539
65.0279098043408
64.7061750347732
64.8458155780079
64.7436887014259
64.8268253408286
64.8620722445797
65.2974080698879
65.0983215017421
64.9615200229902
65.1755177168634
65.1062054965186
65.1913599974124
65.1596774824701
64.1917433084636
65.4607013965744
65.293087827171
65.5669960589156
65.5244761835977
65.5037250379071
65.4228768040485
64.3338254477091
65.5456631557532
65.1996209301363
65.4724165599896
65.2674421495547
65.2056101453046
65.1647925439614
63.9925121216147
65.1152982071873
64.6696681467569
64.9698868531071
64.7437279366517
64.6282497698585
64.5663280608085
63.3874385861937
64.5181280167828
64.1549144660772
64.3614876839509
64.1952441125263
64.1046005040338
64.0477307327288
62.9624395139077
64.1701452826785
63.7862907562523
64.0009505267496
63.8534328336008
63.8103943006723
63.7972910373377
62.7906149919598
63.9957881435334
63.8167178568377
63.9608510261377
63.9393896838455
63.9218059583511
64.0197414924107
63.0009031211281
64.0611183569881
64.0323262380428
64.0859836921742
64.079938303521
64.0717537697558
64.1116712490207
62.9479821961563
64.3352583292375
64.0805522146686
64.4562494864184
64.2082968172706
64.4000969185172
64.4358259298446
64.4762783143279
64.6006152875967
64.5069406105148
64.5072173786334
64.5078152976142
64.490571335859
64.4666022109784
64.42607882205
64.4410802112863
64.4296024618431
64.4500224999368
64.2994064931622
64.2821469398336
64.2168852400634
64.1650837485812
64.2072197477375
64.2017679199822
64.1837415355457
64.1955005051289
64.2001187640796
64.0824730759607
64.2321067626107
64.1711257245479
64.0989628712625
64.0501485702999
63.9801217460841
63.9449054303901
63.834797376009
63.7462955525011
63.7972845524967
63.7249199405631
63.6782048248163
63.5939125720077
63.5984455279121
63.6026125379981
63.6215355175328
63.6419383342264
63.6255400744833
63.672361440349
63.6465520941202
63.6659289533977
63.7327218811177
63.7245254763826
63.7109859449719
63.7525881164637
63.7095590341068
63.6622744498755
63.7382123971418
63.8362636115358
63.8992972844805
63.9496290177876
64.0133977666186
64.0399399907707
64.0440378832352
64.1051198631095
64.2198189610275
64.2106208724443
64.195496064043
64.1984174015785
64.0845055686316
64.1530587550776
64.1249316959742
64.2603998334019
64.2318673677351
64.271798986195
64.2815565977577
64.2982954961307
64.2739841695024
64.2954423488273
64.1151728418877
64.2554896332406
64.2489058001318
64.2191081378285
64.2761090817962
64.1683469244692
64.3007448629292
64.3735309116239
64.519149427141
64.5324603091584
64.5123497814271
64.5082364884401
64.4998806801325
64.5833636943777
64.5609725013025
64.3919572436661
64.6062700145384
64.5560876806139
64.4888170037783
64.5316115648226
64.4957620907538
64.5017559972873
64.4048427075093
64.4999433428829
64.4823582229312
64.5303930876616
64.5166598585071
64.6695604181371
64.4777316413058
64.55575596285
64.5432903011357
64.6094104202255
64.4867470459862
64.5477921993049
64.5522905165378
64.5517943583479
64.4284401847605
64.5204003226336
64.5321952236188
64.5576713382939
64.4817350670126
64.4827595607444
64.4735582987467
64.3845614665879
64.3650894318428
64.3984958700554
64.4182337870931
64.4541417395721
64.1712605107386
64.2354395943139
64.0685556271967
64.0764597539955
63.8201189828488
63.9409241304875
63.9573602182854
63.9465430760005
63.9035267610699
63.9382880956112
64.0384759261716
64.0324418996987
64.0851165320325
64.1509918302273
64.2833459884799
64.3289101366575
64.4707236610794
64.610913028561
64.7899980448094
64.8780067672597
65.1000344377258
65.0282329378027
65.1192828882389
65.0534502958604
65.2256816298676
65.0076797487097
65.0324944655354
64.9577193706385
65.003244257999
64.9351480526617
64.7400708498295
64.6440407843666
64.5982044238161
64.4831002090084
64.420606768373
64.3622461844535
64.1414680265006
64.2099521225449
64.0221329450979
64.1097810314132
63.9666692207576
63.8825877306602
63.1644997912906
63.9695685502308
63.8342086720598
63.6940278748385
63.652435582103
63.786802508333
63.7626519423953
63.4616167815555
63.8186837906777
63.7959518261914
63.7583638881978
63.7631226832681
63.7012643104212
63.5979696817468
63.7712052496868
63.8158770653844
63.7569848196894
63.8067665138603
64.0524864098109
64.0578572599335
64.2638071714222
64.5170992453593
64.6725934238426
64.7498144692493
65.0086284140373
65.15972987559
65.1379139101221
65.1764486425296
65.0409319765554
65.0247491526088
65.0066696767164
64.9398760817962
65.15578144232
65.0400705560087
65.1866021376513
65.1140179718786
65.0537620094699
65.3630223345842
65.3234002671207
65.4422624240462
65.6291812571458
65.4804734918635
65.5082677842018
65.4906440238572
65.502289500824
65.4231255533704
65.5136882925409
65.7077334081626
65.5812299937413
65.806600669567
65.6500082713481
65.4771111096009
65.6328209954027
65.559954303868
65.4518497058732
65.2472034515266
65.4772201181359
65.4738884556264
65.6335134962147
65.7781457972963
65.7783407322258
66.1956387435305
65.8896143902721
65.5849925392758
65.9048847898856
65.5815523794084
65.5558456797408
65.3899916446271
65.3901555276632
65.0731936574084
64.9895317178841
64.7802105459155
65.0198380643842
64.1021254254431
64.6170913799866
64.3826536994497
64.7206215212418
64.5022160931809
64.1087071059392
64.6993606095066
64.1203160542706
63.6232916732347
64.075709063025
64.4182196859027
64.1790119400066
64.3168977527017
64.2062855258098
63.2896130954772
64.1093365729001
63.9539085577184
64.133834095558
63.805158646558
63.7646626839969
63.6574238024268
63.284858994448
64.0194776047336
63.7508181663069
63.8348781940521
63.959066712275
63.9738396255434
63.4948907523996
63.1097085556482
63.8273523276935
63.8845507098006
63.8069707542382
63.3627740283226
65.8107385385511
63.2952880861965
63.0547085003167
63.7636162778978
63.5413329228524
61.8244456134438
63.5714483927638
63.7230613663911
63.7847490535676
63.4713676673447
63.6437188529311
63.7426863784879
64.5030787921173
63.7535839807267
64.2325942780461
63.7604658121227
63.4082289443181
64.0131042195504
64.0861819480769
64.047083252473
63.7031531498045
63.905925035835
63.415891300035
63.5604551598969
64.5462757736438
63.4738612961005
64.0541584959
63.6349308052648
63.8447630824858
62.9317448266916
63.852395947058
63.654633162018
63.730390110442
62.7557606453538
63.5960806622879
63.1687244349859
63.4161759908492
63.4605225159159
63.2047143615908
63.8897317657482
63.8187858746971
63.9061575761062
63.4612719452194
62.9947047977848
63.9319396442328
63.7151305934414
63.7786596403598
63.3943565086446
63.7443842393706
62.440896131513
63.7157389290393
63.7569964110358
64.6496762996123
63.3199926486676
62.6799894658429
63.544706232827
63.5110556872377
63.7163241366465
64.8188854818659
64.2185408337111
64.0645785968268
62.9165636127027
64.8555875375555
64.4192194960363
63.901112894062
64.0110000176135
64.634404704449
64.8434129530841
64.2172436177011
64.422888799539
62.9399572202494
63.8086325675498
63.8188753920465
62.945450466039
63.9700197265037
64.5178393284874
63.8321608670426
67.2923103856166
65.6130577295675
63.5663773114094
63.0954994223693
64.9195769515589
63.9546469764185
64.8585544358544
65.0532529471971
65.0247761310464
66.0758174734575
63.2888985595171
65.0956907576419
65.7779342713182
64.0774906425939
64.5059921009409
64.1839830334341
65.2696566710396
67.2980082987996
62.4112468870497
66.075244652617
65.1146590953373
65.8682561116706
65.3088735865028
64.322114590603
66.8586667658072
63.1301895514
65.982719871636
65.2065856074528
63.544529317197
57.0618505872914
67.0700648006722
67.8578610151274
58.9630621268193
65.5121583271154
63.3468537671997
65.9435322567243
65.2665510899728
66.8948257443332
59.4768503206954
56.953510446915
65.4106880944152
63.0244182562949
64.2475383120543
64.1813876320042
67.2748844157915
63.826717401674
84.9238016134329
65.7106694882768
60.5188056000763
58.4506085101871
54.8335158505743
77.3052587923625
63.8562797855779
61.3926284266296
90.6310046298644
84.1986807419708
46.7691226576764
75.8454977299091
58.405427038308
46.2106616380168
46.6863339788138
73.0077764263022
56.7568047560177
71.2650853166822
70.3764694329832
64.2545572830117
32.4673725719341
50.7059260681654
44.207875198051
45.3003749722039
50.5293456235309
51.4687311798842
39.4018158273457
87.7426297371445
63.6023116975021
50.3301796435479
74.5353521571404
82.9147578398646
72.2589680214474
54.2625035158922
64.415476944135
56.9607914270595
84.4054320472552
65.1021717808045
52.5406422161467
65.4631461172702
31.2675302389913
51.6074888263624
82.0168877798026
54.7869933276772
48.8140032785764
87.4638491234654
58.716753224107
74.8610145155538
92.1728170718587
57.9010433751684
71.3303369586436
96.8847399961678
73.4277008162164
62.9412161597628
75.5391663729939
53.4436527957468
57.8300513114413
64.5423219481984
61.8131215014941
64.1540028217385
69.4637954520791
67.5078713189304
67.9509918835929
67.8706576247259
67.1608016248539
67.8809371798014
67.7344727103029
67.445951616052
67.6983895125833
67.9597077773232
68.3861834601377
68.3748383824749
68.0153314101586
66.7451030578033
66.5553939735682
67.1328480104204
66.7573403015699
67.373584069224
67.3128568447673
66.5922417464502
65.5423745135789
63.8941424149983
66.3607104099706
65.4272592210811
66.4606807699655
66.2640717287504
65.8047942669735
66.8035255375833
65.4501662526761
66.1742479158578
65.016159405857
65.9448348168787
65.5890644808993
65.5043987469881
66.6190746972744
64.1032771056126
66.0981705635133
65.5270066592263
63.7821365021417
65.2584197090397
65.3353144338537
65.5639696630757
65.2489918089665
64.7964328943356
63.6074167215951
64.7970544516653
63.8586228692232
65.936132670415
65.2172373920807
64.512691918895
65.3301028993681
63.1950452715567
64.0419662561109
65.218410235794
64.6770037680382
63.1013418249734
65.1199495149854
65.0364533108058
64.4860510936191
65.9077408367366
63.5174289961137
66.0539575613074
64.7161856665942
62.2911538890298
65.1153525717596
65.6841059549654
67.6691003795297
68.2768589849446
65.6213759258596
65.0401250277023
64.7928868125033
68.9954148156831
65.4588312462256
65.741853740859
66.7051276885665
61.917908822081
64.2651573439564
63.7062438444401
61.3578066151852
63.6169571656811
66.2872854313691
61.503597003953
68.9546670863345
64.4318864590165
64.7232556604338
65.744279554399
66.8664091244782
63.9328825079764
56.4252232496089
63.7099248183011
81.8472009474975
68.4078695782531
48.4689562082315
78.6100475866042
56.7229214867497
57.3534936099162
71.5832022236361
61.2675701789307
60.7066236175671
69.052522376106
60.1960955400124
59.6997014317152
70.0664399509538
90.491725164586
76.2248504088274
61.13982622284
61.8366081307255
92.4644437445775
100.224426354451
75.0020363432805
52.3740185420571
92.915423723496
91.294093488042
68.4671291961156
66.9095812525125
79.7002223604122
59.9462279150452
57.676949632669
83.9014251680221
72.2184632361413
60.0330557212903
59.0153897373405
66.8569459574309
64.949603377106
59.3384506135665
84.2630285679366
76.5772161809192
90.3341881312805
60.623730786562
114.613556406432
61.8880503429865
97.6303176438189
54.4058799881113
56.5088589279779
59.0218946552036
60.9874667341109
62.8791968097165
64.5235513307086
65.9583442478998
65.9836694495905
67.3930523424066
68.1791937940274
67.6572628363141
68.839591839901
68.3399551455546
68.5350814776193
68.3711206850124
68.2860673180879
68.163392933149
67.8824447252376
67.7356098061904
67.7690753769256
67.5000268726223
67.3164658911162
67.1511786670458
65.0136749844745
66.8152802227006
66.5765398482105
66.5482412475894
66.3405554334541
66.2358505301797
66.1045027097038
66.4438166595818
66.1296175288649
65.8167290719052
65.8834993462744
65.7307194975964
65.6545465001112
65.5835178215081
66.0181343544129
65.5048034132244
65.3286938245859
65.249068526212
65.1834971248446
65.1302633673448
65.0843870519329
65.1903665993003
65.2047774518283
65.1329550451839
65.1729828105593
65.1014928488821
65.1034035818471
65.0946301207349
64.64983128446
65.0664095541912
65.2076859953105
65.1372093021874
65.1179094788942
65.1184126281833
65.0622857547897
64.9505560940467
65.0080637195549
65.0924493495626
64.8799903099495
64.8668556033125
64.806551719864
62.6740193841048
64.8056356118215
64.6095948857323
64.906976882578
64.7358593076511
64.7112892981876
64.7102839520008
65.1419256926408
64.9164893235332
64.6201236483282
64.7479606182331
64.6929612708248
64.7412843928333
64.7261626573747
65.3024956884286
64.912599226644
64.7622968151234
64.8479717823246
64.7768148816416
64.7477946551393
64.7002032314184
64.7085283362292
64.7808887526682
64.7956047715029
64.7886241578779
64.7491081832186
64.8117191468236
64.8352874082867
64.5120754051241
65.1652627405437
65.3955460818255
65.3925438934916
65.3852259248621
65.4343476203404
65.424308611342
65.3425649346275
65.3731110425708
65.4269400786423
65.279128844923
65.2076917898461
65.1341050579506
63.0655909656299
65.1753583910323
65.0750785233294
65.2578212945085
65.0904335689878
65.0380728269018
64.9993116212408
65.4525363758348
65.2977655030744
64.9379099631037
65.1567181802228
64.9833696985183
65.0604853909628
64.9781576894899
65.5189898723609
65.141071962779
64.8908406521658
65.1025310260246
64.9815153008205
65.0502078428785
65.0415820714688
65.0383195870957
65.337819272087
65.2401296637774
65.372273496968
65.2246146802647
65.3683953288476
65.2774237997651
64.5028992965115
65.1339510051587
65.7494763597232
65.3900226241109
65.3551173691794
65.4739760840187
65.3204316289641
65.105867530106
64.9856741785832
65.3700226897188
65.0046309285414
65.057716248822
64.9994249466344
62.9883659553166
65.1703684971781
65.3003678686868
65.3940471119184
65.3051082109023
65.2731673155246
65.3365372400568
65.8609142711091
65.7982315231878
65.7123111679525
65.765304194789
65.6023445160336
65.5335492806887
65.4637827968454
66.047778551997
65.5713802735326
65.3865172563725
65.3056002004828
65.106789803751
64.9738721122455
64.8677542754679
64.8026189341323
65.0032182348471
64.9851716791634
64.9993260867959
64.9605884565109
64.9910647562885
65.1319860113387
64.8716436744978
65.2773150617894
65.4527062853938
65.2662488189562
65.3680344512072
65.4482462287275
65.460566623832
65.4413544029665
65.6287327743026
65.7395058914482
65.5974427868058
65.4072504098316
65.4294796935018
63.2696111081718
65.3192342248681
65.1474504510503
65.2406603003093
65.1017263330235
64.9957305441858
64.8892730396365
65.2610429781816
65.0019313375121
64.5295883022088
64.7462857278417
64.6331020656626
64.5124656471322
64.4554256757126
65.3371986806738
64.6166280028252
64.2561681651168
64.3460716981475
64.1723010442644
64.1707160834509
64.1386238361379
64.117636706756
64.1226248629264
64.0178135916682
64.0560245240868
63.9668496156368
63.9994936885172
64.0221665429469
63.7334857391077
64.1309496638077
64.179685701375
64.1248387522715
64.1827498440871
64.1459278230117
64.0730281661149
63.9737895440318
64.220440404319
64.3332264139292
64.2900954319853
64.3417352971421
64.2040647869392
64.3377847512542
64.3278302923441
64.4699850459675
64.2961344485211
64.4457617171581
64.4762475518512
64.4958457409982
64.6299803691557
64.5174206348378
64.5267796321961
64.5264561502013
64.5103197469188
64.5004713552852
64.4763166555476
64.490723088008
64.4899121330084
64.5395295303997
64.422415153129
64.4614368560463
64.4571427505073
64.4060289542425
64.4680126436103
64.4819210460226
64.4979312095237
64.5185006177013
64.5336966580745
64.4254837120289
64.5992353677563
64.5477855719369
64.4740911755686
64.4076816766183
64.2916777134253
64.2114249677104
64.0449521086162
63.9049321646058
63.8932955319747
63.7541671621524
63.6598453056819
63.5548917306758
63.5269144344146
63.5430493371072
63.5703608848004
63.6150864681478
63.6337564234943
63.7220687892137
63.7228220948284
63.7512933842882
63.8548629300361
63.8649424822068
63.8599733207937
63.9075134350304
63.8401976310777
63.7755636595309
63.8343552558802
63.9008070941052
63.9555442911311
64.0109351452005
64.0978197394213
64.1117947953565
64.1117333647951
64.1605487725671
64.2762432830876
64.2633492704196
64.2263576061026
64.2010179558904
64.052027401346
64.113962543405
64.0799111042544
64.2172058992604
64.183668344232
64.2223856179225
64.2333991284341
64.2538557069114
64.2416274534989
64.2743751054229
64.0711337164831
64.2072345451501
64.1784349242633
64.1391495522263
64.1936787731512
64.0822085843723
64.2262245199129
64.302896556034
64.452051902236
64.4573717571703
64.4354722550898
64.4314557456076
64.4200807114818
64.5055320187603
64.4835649182763
64.2998882184012
64.5458659093963
64.4963976771122
64.4185701350192
64.471118525587
64.4304697420138
64.4592215885418
64.3571412417912
64.4752817732801
64.4465313854298
64.4776641926773
64.4744100101349
64.661727594679
64.4521102266335
64.5143451946763
64.4979100912554
64.5713475693353
64.4384874076731
64.5038602069785
64.5102922250855
64.5162316800455
64.3976236302329
64.5033585862768
64.5249684497606
64.5490911277409
64.4715922605302
64.4956535406927
64.5129530601934
64.4436317056033
64.4375380320125
64.4835957634695
64.5409882457641
64.6142737301589
64.3314210929632
64.4249183787966
64.2735077303481
64.3733132879388
64.1614802555947
64.352769073155
64.3805633770713
64.3874688428512
64.3297719969606
64.3107638833001
64.4022651115616
64.3469166876064
64.3662538038024
64.3814196821138
64.4596876211784
64.4488778981724
64.5374480617872
64.6019157441806
64.6911268890035
64.6953193458594
64.9072444873373
64.7693671886731
64.8078893882499
64.6717104068424
64.8248553245613
64.6520729949418
64.7547088279523
64.7381062436597
64.8187357149254
64.747016006369
64.6399637497148
64.5852792399857
64.5765852183163
64.5029340543661
64.5440028335802
64.5322717219417
64.3404806450212
64.4814408394019
64.3224121874879
64.3714362321774
64.189067841558
64.1654061409495
63.3208786354399
64.3988453745317
64.3203104660313
64.1894185802655
64.1399509050787
64.2846430488371
64.305205695926
63.9514406778469
64.3609877448488
64.3234807553707
64.2837373008356
64.2977511225214
64.2398565825222
64.1268067995873
64.2797943741908
64.298389920881
64.1981825768685
64.2182494305229
64.4427143178333
64.3561513311676
64.4843447978727
64.6581732066297
64.6968625265031
64.6669772413363
64.8469042088302
64.9688504463104
64.8654233270199
64.9194629655583
64.7644785070138
64.8157247800468
64.810785991794
64.739943548155
64.9644317411003
64.8296421319923
65.0102909487138
64.8811964084531
64.7378322598566
65.0485851584168
64.9907915331611
65.0943278763783
65.306016594863
65.1079261799844
65.1305721401533
65.111037549617
65.1514682345702
64.9661450142932
64.9784828681488
65.2140049047406
65.0915304200578
65.3381500462023
65.1364958620643
64.9368389618307
65.1504892998831
65.1295177759135
65.0162448507204
64.7497127804809
64.9514589638532
64.9657440893944
65.0553075598235
65.1158418527954
64.9968172643076
65.476307809332
65.2735572508286
64.7875161092159
65.3619607291663
64.9823266202606
65.1729566617181
65.0833836929924
64.8250124862757
64.8718228497913
64.9002269800383
64.6715073229566
64.9283583168691
64.8439400504286
64.8336472089576
63.7174221847168
64.5083219099361
64.6787498039609
64.1378951552226
64.6787258530287
64.8643461181615
62.1883869337449
64.6097664996321
64.1846169917806
64.6844949467151
64.4976696394773
64.6758595882917
64.2789208469082
65.1133253238591
64.7050878321107
64.7804053469868
64.6098636531905
64.1817495419792
64.3352486108309
64.5314546077589
65.8821590691786
64.7840064214218
64.4109531035877
64.9661904706616
64.5343890334262
64.1814330074262
64.2192174302099
64.5110949440112
64.6834550697003
64.4202996420123
64.1398518029367
66.0827330129127
63.7322067710241
64.0067574023798
63.6199967802018
64.1590728721368
61.8718819072772
64.3643639598138
64.2627352035764
64.4744966581679
64.330194154271
63.8556871265966
64.2290159110172
65.176810235762
64.359026980459
64.7390745366834
64.2816765528327
62.3561130001652
64.8927962031478
64.3276840892883
64.657371931989
64.1665136584971
64.2994705731873
63.5591109381832
64.6409961723662
65.3261026765856
63.4811867460045
64.3781509484158
63.8027587085355
63.8331092361563
61.8094794011262
64.911414850131
63.5549253268918
63.4837204900661
62.1399244597269
63.3596552688578
62.5815481136168
63.0264335453075
63.1556960335461
62.5204023797049
63.6328507961576
63.5638923289532
63.7412826901317
62.9443868007248
66.0907659042374
63.2517331961025
63.3088614114178
63.5194183865834
63.1740704185995
62.9510215384276
61.5892617329436
63.7176807698619
65.854490062524
62.5506446614535
63.3105916188646
61.7306969829497
63.2683381619287
62.7418907434148
62.9244950463617
63.9610918698367
63.6755192864397
64.4885986740591
60.8618494246334
65.1256336641589
64.8671817126262
64.6844201413055
65.2614701071725
63.2780349890133
66.5265133328617
64.0065982891808
64.7091848678652
61.238756493414
64.7499004264309
64.0117952929014
63.5785923963372
65.7244040850716
67.4442993995359
63.4381273515272
73.5887092964653
65.2994980106397
63.4877952219999
69.7096887587206
63.9369893841108
69.358111167579
64.7531166927797
57.2998703898718
62.1791252645323
60.6377505042441
67.1606198814949
65.4172296701289
66.0005445399598
66.2080581421645
60.7593592984023
66.6548922861642
62.4123865403172
68.8791972060435
61.0463220477316
63.8145605431231
64.0909116722861
57.4479471173137
63.1380584244322
61.6922257615371
71.4223240411625
63.8887984023199
62.6314215435115
64.131456560525
64.6738650989932
44.857733323911
56.9960437471696
73.9717290373694
71.9005254708683
69.2930100270451
59.3748285404406
63.8144037364653
50.3606024441469
62.0095427669597
51.9110095426788
47.0587398021296
64.7245662527303
51.5328647782265
47.7841778321538
57.09081320739
42.0029494266764
78.3365936440678
76.3087823007573
59.5256317458827
58.8290076862148
60.6194256160328
64.5172836692761
59.8036598408991
47.4300499229073
54.3196627886283
86.1840990538974
87.3695212354575
44.7579439758934
62.4792626517163
55.5262003839199
43.3162044184214
43.4954344444079
68.8956232526661
49.4550998885688
71.6954768465982
63.1063948631436
60.5680293855323
33.1362062569238
48.2104084905139
69.7148405077109
55.480518561023
60.1800784531239
69.9907114360907
64.8152497097795
66.2405877595211
66.3027296221096
65.0929961492921
69.6607887934483
67.6251753415282
68.858296352573
69.1460493188914
68.990623589978
68.3486276449284
67.6789172189899
67.8319545781006
68.1907533813316
68.3013972147374
67.6912013975108
68.5253157998793
67.9644038890484
66.6549498795116
65.4850681709538
66.9106646110574
67.6322985963844
66.5589042461768
66.73692215012
65.3490388655244
65.4546961711077
67.2426736410132
66.0493147174316
65.2443849232718
66.210323275284
65.992663943415
65.5838535439786
65.8760682700671
65.866149538601
66.6300175058286
65.3093310659511
65.2199214518487
63.3471914850989
65.2874002059192
66.640270908023
65.5103975978441
65.9261333461663
64.3359535797313
64.8239010774698
65.3418696163343
65.2951905989127
65.3408145517605
66.0948013333971
65.0130854672082
64.0597494334192
63.1762936306335
64.3918834335929
65.7851652750226
65.2826331014306
64.8826912899083
65.1905451461154
63.9484506150703
64.4876276628254
65.2260417798778
64.67539255284
64.1486608070708
64.8555546510643
65.3102044243159
64.665562726978
65.4312559888101
65.5914351559897
66.0089422360248
64.5239552246915
63.3916019832612
61.5215555987758
65.1934321966749
66.575976515639
66.5558329705973
65.2476706685966
65.1193710319016
64.7584397531926
62.904234833081
65.0182301449277
65.236503592506
62.5365854821041
65.2912204192197
64.4143868108117
65.3011041725687
62.6436135600901
64.4542176931357
65.5823005231337
65.1486836807391
63.7262770287504
64.8448048564061
65.0372974156897
66.0605867144806
66.1144153837056
65.5943014722392
63.5936453825426
62.6132800313693
64.8774166126107
62.4328345731386
61.3112724387184
69.5797049235769
65.2231961614997
64.6118043863444
63.825927136057
61.0149487907918
67.5576598369897
65.2712481912145
63.1469816021495
69.6197732048182
64.6779719873555
75.3421363023259
64.081959745574
74.8065994074811
60.7540916694049
56.7594406205577
76.1326002803337
64.2561754791247
64.0754067835177
77.8567262903694
62.0763784771912
68.9055752788702
63.4145749112004
56.9007524492037
58.345271212806
63.2408740277325
98.3143678635431
82.6391864565041
54.813335974051
62.2683667714582
67.8404370613084
79.822001053978
73.5401924864818
76.2831451939178
65.6999893476515
87.0443592449854
58.242272141023
116.604172328976
49.9100989618783
39.7817673910485
80.5980983899395
57.9340482668289
74.3640288275034
99.9278452624054
89.7929259589311
45.3713925228073
67.4618310014969
68.0881148354432
80.9507440240005
51.0089462131741
54.1672328823048
34.4199529850522
61.5500530927038
55.0790021415368
30.7808837914817
59.0907574456686
71.1168104743238
64.1387550254221
69.7153141320313
86.9807362848247
58.091167540022
60.1942370677009
61.8322833868157
63.5614156854513
64.8633199771906
66.129097936945
67.2280727133695
66.8855645569332
68.0211117711311
68.7334737632574
69.646394931955
68.792737394741
68.1392993411166
69.3042244980482
68.0865565721969
67.8600302627926
68.7114373717552
67.6811278638837
67.1037504198089
68.1282025837257
67.0064430636983
66.478958349199
66.9191102580065
66.4595173665607
65.8870487018973
66.4041353391265
65.9383691699731
65.7472559603917
66.297413282384
65.7690391166717
65.496227379002
64.3677179167106
65.5901438434753
65.4481201844445
64.2603016883944
65.5017020618597
65.3354637926735
63.8622032803084
65.3335716815285
65.2348008237565
63.8338529565436
65.2353441593407
65.0184975400114
62.456347102886
65.1147442273683
65.082830467592
62.5284164498418
65.1516872357755
65.1335685063612
62.7068913634008
65.3314143991604
65.2921366951935
65.2909942033777
64.9439236232182
65.2562261354488
65.3263259255265
65.0831569285465
65.223760451235
65.2249431949016
65.0559290146839
65.2564553227067
64.8070767151611
64.5399169299923
64.73017621889
64.7356537437527
64.3495088112365
64.8102588385229
64.9836096814947
64.3091611045067
64.7055791158014
64.8198363640059
64.3659128207013
64.8149850260724
64.7889177957356
63.944653052868
64.5887164150993
64.7809777796231
64.4828374201251
64.9457095302888
64.816221876991
64.1460529752506
64.9304175255714
64.9481840294254
64.2477250961334
64.7684770166806
64.8267884541591
64.1860430694803
65.0136451879418
64.6314228346534
64.4292646872587
65.2071985603848
65.0089196330963
64.5022137293398
65.2878913914992
65.3427007180576
65.5973240060962
65.5707596537103
65.3202175932305
65.7972601227743
65.7373359159776
65.4204341713313
65.3545780997598
65.3038196623044
65.3206966978576
65.0890197828835
65.0557003131551
65.0082584267241
65.1396777106209
65.0376409472741
64.7927684574326
64.7127501332969
64.7527323483835
64.8605639470639
64.8278370445996
64.8360815431114
64.7416863623425
64.3218094006763
64.8700054152426
64.5341955615847
64.6940257651127
65.0812714741583
64.6147831566184
64.497489840675
64.6843002031789
64.9478855128092
64.6182279202707
64.9006213955766
64.800501930451
64.7909919901114
64.9159308423678
64.7548515162278
64.56338180247
64.1069223661586
65.044058578871
65.0235021997931
65.2452870132602
63.9117281653319
64.9292449798851
65.5292596209539
65.0974823646098
65.0196957723716
64.9222630766128
64.8811514183117
64.1101403837833
64.8359540275119
64.2652791089702
65.2681740030829
64.7105357809566
65.3499101126119
65.1418388632387
64.9879804609064
64.4818947005514
65.0087188776402
65.6514431955763
65.3117952213794
65.412866015631
65.2894555894186
65.1585450107384
64.6225729947437
64.7937583713565
64.5650989515293
65.0338191916322
64.9942053192199
65.0061897300128
64.6625775406398
64.4451153458049
64.2769159562478
63.6950456022744
64.3234959622384
64.7714280905276
65.3883435080733
65.1799779457661
64.2540560918838
64.9312249298445
64.8525281246389
64.4426309691317
65.0714882744016
63.0791837409691
64.7873251037789
65.7665767039393
64.656623134597
65.4395758358521
66.1186298892195
64.9563549013469
65.0459514368539
63.0791232657624
65.3200020685163
65.4703304678682
65.3938374037789
65.2844755256288
64.5217769332227
65.5852990056949
64.7087156935654
64.3008326385258
64.9288698404123
64.5579867056371
65.9676855396036
63.9538767173517
66.4760857946881
63.8659389012051
64.2571692027395
63.6336785873682
63.6382063716272
65.3998933483698
62.819487530038
62.5996169520494
63.6298486182001
64.200956044067
63.9561223864121
63.6673223175904
66.3968371621968
63.9309967600552
62.5248443497298
64.5890091288091
64.1681645393537
63.7517688299343
66.0029830554284
63.9112982794248
61.1061699483591
63.4110114083204
65.4620256348514
64.1179431856259
64.9652022496596
62.3440768274521
64.7777894402385
64.0695397023843
65.7890625937862
75.2767897544307
64.4484226278752
71.9642675774615
64.3570815415475
75.5805060381918
62.205644708628
63.3374375900315
62.8419150161251
72.1221512393836
64.0996724769823
63.0599975984099
57.9218967978419
56.3167841406958
62.29012801116
61.7835756261637
60.3783747617565
57.2675306265774
50.3970687068675
66.7302615148229
69.0295160173294
70.2930677044386
70.326888961912
75.5944785374037
71.4697197319764
63.7253022081524
63.4353791562534
63.6540555809674
83.6012793865473
53.2468423287501
44.2378237443143
49.5302166297946
78.1539063584305
97.3163268691468
72.819070939615
96.6568493905467
56.0554940667581
38.9263139919618
55.0720207633906
67.3974858572668
78.7686200596655
53.7661036035989
85.6166791123475
74.8268862628642
54.7629069370443
43.7130009176169
46.5064322846942
55.2046320883636
76.1790054811874
90.9368522204462
55.023173379391
70.1960919121088
33.6077632523099
33.70350431736
81.2514722093959
55.66241549279
101.623071787478
50.0528211839189
57.5235020317548
58.0618039529227
48.602375803749
70.4440525036431
46.2797962047263
44.8800712781553
68.7663169377247
41.8645279021795
53.6554243306205
