109.55689754162
70.0473741233935
60.5700935623135
76.0805523806469
75.1055680142019
64.2911201050249
69.8965129036043
70.4037717271281
68.679632576735
67.592590575873
67.3398426212855
64.3695770346155
67.5247269376943
66.4366531381781
67.223098885501
66.4359805789476
66.927107970216
66.442433907559
66.2802804379552
65.554089273658
65.4019878497308
64.5888038366115
64.1569307399772
65.1865126572119
65.0309280025106
62.9266702845182
63.1495415434575
65.7448688904675
65.4160386416682
62.8404693811898
65.2000544835032
66.1252418137253
66.2718650411871
64.8944401988695
64.8747221453652
64.4661275164134
65.7775073938933
65.2905668897071
62.4732268097526
65.7557980708437
66.8846171805061
64.0717550453415
65.1138135824514
65.2387463373753
63.518575320038
65.4664613010698
65.1580215111811
60.7238569834536
65.309875345757
64.4264932929663
64.6778344234423
62.7222840460279
63.1708963657146
64.9741895481962
64.1439101396234
64.8710625912855
65.1714479289605
64.2767196343101
67.0232444911994
63.7436038691297
64.2387701730306
64.8788609859898
83.7731333613542
84.0889047068536
61.0323584329896
74.9779125369051
57.2626221539895
62.3541393692254
60.7652404896606
61.8443073138438
79.5603566690306
85.2975834130916
67.3608558025847
62.949073891034
67.0000612671583
95.6526611347385
51.624057131361
69.1342896246937
77.6074159524313
82.3720334773858
60.5831543502002
97.0137634795658
68.575106673055
58.769980075186
69.8429375152796
89.4112268337436
69.2169242309213
82.5353181110144
52.9669167592942
59.0989530716605
100.266302413571
87.3627913256413
65.9184503061752
71.7452286617433
62.0396682674662
50.484638574808
43.4457480542388
69.5965926450357
92.582561008302
67.2584247185016
23.4667859276794
77.1357842576406
45.8199814443741
58.6233375082081
91.559036845204
57.2224191157659
46.9712944366044
58.9618067325116
49.2080183805927
52.6948476533227
78.7119684318226
59.1761001400434
61.7062699244376
63.6808742091471
65.3291158460764
66.5610099191498
67.1679240980403
67.7882087122704
67.5632138317318
67.82639639903
67.2541833902807
67.4975251141433
67.3821492505081
65.9379695151124
67.1017559016303
66.9308987859162
66.7705506814094
67.3278120555878
66.501518450404
66.2613527132044
66.0704004766828
65.7230752425176
65.7307809657048
65.6406851013232
63.0094282561457
65.3466927262626
65.2943275098581
65.2241964828998
66.3137416628539
65.2886413745047
65.1210232380463
65.1000388203253
64.9106061346832
65.1325764399873
65.0799008871012
62.3943352042167
65.0862161218901
65.1040119221478
64.9401523778588
66.0817016081221
65.0275750868667
64.8389976135077
64.8801001095523
64.7098088301512
64.8241805491825
64.9307307391249
64.9068565040946
64.7930921463845
65.0343972600286
64.9418915910404
65.4815337877766
65.1494558228354
65.0639220267265
64.9987021879103
64.9776201814808
65.0790841611583
65.0348849153541
65.0518395202425
64.9607751381803
65.0028443949396
64.9572389143701
65.5044821259572
64.7566359387787
64.7096746086208
64.6672036517798
64.8617507533236
64.7811735712731
64.7369328267379
64.738452557087
64.5284247146774
64.5364111387373
64.6893287675868
65.1378348676261
64.7106297673458
64.6390328181922
64.4477579043817
64.7454264361041
64.7074561793644
64.7020008683588
64.6877086468793
64.5426169804974
64.7201286896837
64.7585441588545
63.605060853724
64.7661074586341
64.6469711006719
64.7633294743551
65.4317114111498
64.8083416739901
64.6905179808269
64.755588836798
64.6446574382314
64.9662074104543
64.8002594256889
63.8084115324972
65.2171741644772
65.2478291253967
65.1932097218675
65.9987796897883
65.3354495926447
65.3464571213918
65.2345207143164
64.9716443655339
65.223321777819
65.1884732154845
62.4497051449294
65.0385794038804
65.0547280349702
65.0843269469215
66.1366260596489
64.9648797939567
64.8727400219375
64.8979086343883
64.7491315997773
64.9634907495144
64.9338923007773
62.3426922339998
64.6637892976208
64.9735309325451
64.7715053546957
65.9719045672598
65.0793266924762
64.8177597547213
64.7852061207529
64.8292627826784
64.9704101639254
64.7900117092292
64.933915828924
64.8446831767933
64.8310729952161
64.8799286949166
64.782306333357
64.6705240266629
64.5149306314805
64.9254172377217
64.9108658773113
65.0075178789751
64.390427442103
64.8394658198382
65.1651097833126
64.9255195363197
64.8810273710779
64.8124558052385
64.7868862647499
64.3750839032119
64.7811762341346
64.4934356983379
65.0075675583404
64.7848699115888
65.0791265604069
65.0121089774952
64.9524321210625
64.6970370930628
64.9638303342749
65.2781038963824
65.1803649407969
65.2245537195698
65.1597420032172
65.1027590882327
64.8671402031894
64.9271125501261
64.7863841441333
64.9927359294452
64.9484646004658
64.9399477857884
64.7629822590713
64.7014061381745
64.5870890718919
64.3372451439401
64.5909489065344
64.8021637256703
65.0223868945195
64.9458787185829
64.5902290929668
64.907987414202
64.9125876132803
64.7635588070612
65.0266354209257
64.318338037508
64.9686287229813
65.2996796768146
64.9750040983631
65.2541365683841
65.531052103154
65.1253194061896
65.1950769797758
64.4273383393883
65.1651615312377
65.2038051149972
65.1344881090752
65.0895920592124
64.850080495012
65.1274766949465
64.8281155288903
64.6385984865654
64.832974820471
64.7491573815819
65.1055416071146
64.4135748407107
65.2561136242521
64.3543135341487
64.4350778094305
64.2958000357158
64.1929312886376
64.7387037926235
63.8594930446966
64.0083720404127
64.0819980746469
64.1601460724672
64.0989296093856
64.025347083693
63.7633432984703
63.9348030430974
63.6975811221507
64.1093826507598
64.1592651704034
64.0412907843538
64.3495327201159
64.1136918308593
63.5870259362188
65.1341069460373
64.3832204536635
63.0550130000982
64.1737959519127
63.9285962584357
64.4282213143812
64.0182339168934
64.6915296480029
61.8254495759479
64.2320486378508
63.3351865185547
65.7732349669917
62.664182629121
64.5159669996944
64.7175881205645
64.5369200841113
67.0638914371536
64.6128941472234
64.7062571519272
65.1027412275671
64.7936682948478
64.9091868976952
64.4255040882905
64.9498315458704
65.1984029837558
61.0403750034613
63.2516874937771
64.3007586078328
63.1328426708127
63.3136270418018
63.8288679407186
64.0440730986836
64.0249737002755
63.987181862902
64.3155431091257
61.7951924574502
59.4065977457459
65.8648643183314
64.644808268147
64.7120654562623
65.1314730778928
63.8980209763299
62.9107120230961
61.2043326069933
63.5611691209761
64.9050003995518
64.0043637479133
61.3750266020634
64.4163692855775
68.6842452716829
63.9943193703232
65.1658818278368
63.7219936255214
63.3623326744222
62.4493813352251
63.7348898866953
66.4921220503728
65.2217365994109
61.0948579939141
64.4703197127407
62.5340841251308
65.6185809252902
60.2458429820792
65.2198525776838
64.6203232055401
62.8292224935078
63.0662267109224
63.9825940804518
63.1221843252594
64.4165157061161
65.0516440154004
65.9978929239042
56.114746560352
64.0809326670958
71.1871646838242
65.7691937586826
67.8311474078758
58.2572091089815
64.1347050215476
64.0720955466061
51.2275102351411
61.3309773027625
49.9383494944985
60.1384726468013
78.8333213876054
87.808999184168
66.9223253002156
85.2750408937949
60.4748548838083
81.7370348203065
98.7863839422328
65.2156512017095
51.1682220761695
59.463040242714
79.9607366849991
49.8714197973037
88.29350922502
65.5155519109992
53.3986820409546
102.516650192683
50.935031097204
70.5201877575536
70.7383085896456
53.2247462018315
85.5542962056029
57.9411430590965
73.6327482952381
52.1386534713052
109.785904323637
68.5690441059555
60.1944666156818
47.3273942925302
52.1061350311626
47.9570306030906
87.4186821298605
77.422311272218
57.7950948367604
58.2819997383001
59.2892290502805
65.2110472462643
63.9624414679834
67.6693459718486
67.0831138663938
68.250285840326
69.0346943635316
68.2522160462393
67.6783253053055
67.737852015363
67.5941994147727
68.1755263939839
66.9367014655617
66.8505586489666
66.6682723540572
66.5308867283513
67.1698769240466
66.1939043843771
65.6338119712116
65.6669840420506
65.5592691264907
66.2042300521178
65.3281837725608
65.4552279343851
65.1346577096575
64.8523466232818
66.0808383413359
65.2135937428774
62.6589312351439
65.2205444697506
65.2607987546387
65.5421808403305
65.4049188670598
63.0340981002338
65.3672376659877
65.0885855155458
65.3110259488286
64.9443807014254
62.4958562181719
65.2940753859567
64.9995005845493
65.1473564921791
65.1454940681952
63.6862515886236
65.2023855851409
65.2383613885288
65.2131013394424
65.30212641487
63.9835911019773
65.0590690204386
65.4132273289675
65.1814363592108
65.8061383828282
66.0225085160438
65.5054873852959
65.5188827530705
64.9459765667965
65.2365863411315
65.7386682319504
65.1344558212897
64.7518689371301
64.6535535781072
64.9290987136357
65.1013823796253
64.9804516622133
64.8778400480164
64.8565087123837
64.442995198792
65.2248742348752
63.7750480569601
64.6702496347762
64.8189566622834
65.1727462748501
65.7490706971204
64.8535626776072
64.680262907079
63.8713023056003
64.7547344791541
65.4854862281019
63.7081639105307
64.7108089422955
64.4421153542663
64.3739340100979
63.9340450558766
64.2048381744257
64.4932775308036
64.5669296036744
63.7723258183053
64.3141782477457
64.4444112706537
64.7554307364859
64.9911524586994
65.0927827872707
65.6481049026605
64.6935667637035
65.1914648101283
64.9236998564821
65.7927973656739
65.2064733436931
65.4143391592192
65.4589628240974
64.3941177817665
64.6368281389443
65.1355479261124
64.8025835788935
64.6672973600497
65.0993305637022
64.7505014596565
64.4172997473732
64.7404214960445
65.1398009815175
64.2559630019766
65.1188557921803
62.7546187653504
65.0019406149681
64.8327909283427
63.7864451225266
64.5955348719503
64.3167482176266
64.2399588375467
64.911547646831
65.2039690620533
64.817043260358
62.4497419808423
64.7341982037298
64.997136395518
64.6175452334977
64.72862224268
64.4009904042111
65.0878190013776
63.8844780046289
64.3254481220684
64.2686332237625
65.5953061371625
64.4763329527103
65.7991789605122
65.2202252647219
63.7432661782262
64.9418497189111
64.7502802026734
62.4967697229945
64.5040017745458
64.6528636379179
64.6491011059821
64.9521599590286
64.0007916182434
64.8570162193041
64.6650826121968
66.5422165874979
65.4171679406508
65.0847035538236
65.9298024421368
65.4809359296002
64.3145125057617
65.4917014403369
64.4641846302848
65.7431066217903
65.5890446928249
64.283365046813
64.8285334779158
65.5290860447938
65.0734210949341
63.6652620680694
60.5800978241125
66.2534063533309
61.3767109443681
65.297895909575
62.151682405975
64.6261927532692
63.979087351075
64.4650569576198
63.0845549052327
64.3316497615192
65.1681288720101
64.7466753821639
66.0425453138568
65.0043289334288
66.7280123805283
63.9455733852937
65.624268784133
59.0514681680043
65.1962338917216
69.5017391887942
66.0170632000541
64.52498226239
65.7131866846516
62.7781188572454
65.905576421893
63.2440183258774
63.9397700634422
75.0524588313168
66.176342686136
68.7907628223295
72.5966555749554
64.554474617926
64.7015419200167
61.3993617941026
64.7247654545171
62.8286854551379
56.8411052309868
61.2041452845248
63.6576407168848
61.7600380083438
71.1735434859278
62.124410830848
57.3797540116289
54.1093226338593
54.8158541767702
83.7034050559507
86.9026648641706
70.8159748172709
58.8849928543103
71.4215360619897
57.029933204386
76.5921257008817
51.2321277562314
73.8865543632528
72.5206483552585
55.8279780292042
61.6517742126719
50.8558350142704
69.9184876598756
56.9643601453295
58.6129322252378
54.165098270851
108.365122673962
69.4197910130623
106.62634823413
45.4845961222868
104.697284908304
74.5060882223763
43.5324247668892
67.3340201711724
76.3486229960513
73.0097073364309
64.106836503212
40.3576693551751
49.4650186721748
44.8079239196256
66.4490680823719
46.5886785518201
65.0775816828609
43.6150868709431
72.5185765758933
70.3381965187648
77.8092490541414
72.3411542858991
71.4751035398487
76.0692685340852
60.1896754539513
65.2397796463639
56.2606074715763
78.595192813503
63.8281775945724
33.4414657341045
53.9408029705335
91.6411586331481
74.3204198858653
64.1943384928025
80.7749170101451
75.7208514588767
62.1296346859999
57.0784547519862
62.4138798982741
64.0050541760135
64.7698610905474
65.0895156541007
65.6919600161245
67.8229428564996
66.9492532507954
67.3219205691927
67.5138890850776
67.9261525757669
69.3137804253553
68.4192572945061
66.9352917522813
68.2191059544114
67.3649310406661
67.4040028407577
68.3898382547142
67.1124424421422
67.666516767802
67.6415416113609
67.3032298217902
67.6390168468829
67.8680566497559
67.5427226709567
67.2671900289161
68.049071950959
68.3549308034005
69.4652981840228
66.9639133702635
68.709852165488
68.2451374318192
68.170396654367
68.3739106495156
68.2502509929418
67.5285954928844
69.0498335682373
67.3368249517857
67.4325461395516
67.7186565428188
66.152629671772
67.0072464267007
67.0128827119268
66.9370546469488
66.6008643183357
66.5733531177449
66.2555382925657
66.6215442634243
66.0856557984007
67.7613684542231
67.1445200999157
67.14170969282
65.8709281229409
65.2029150536202
66.2129534129045
66.9621379718603
66.2186207590184
65.6036253347704
64.3457577452688
65.6992599083088
65.1583513045219
65.6673320302822
66.1916291667907
66.4301427582105
63.1331899105496
64.1152182080881
63.3028416296546
64.7381153441184
65.7720433629924
65.6783160440449
64.0657001606965
64.971353005585
64.9372270592606
63.4916834353767
64.0234347854914
69.493619197416
65.625150402022
62.5764213130924
62.2330116233334
67.8043852491085
61.1907594389838
62.4851927388467
66.0790156748495
55.8307621086803
76.7587416683197
77.1114438023031
70.0082253120301
60.4459014448624
64.9076587316276
64.5574446372608
64.4221354545907
63.8958922099462
63.0192836260729
64.5229633523916
45.756576425128
73.5420428520946
60.3617787055715
54.8828886032119
95.1507886068799
53.9484499250467
52.3241350532359
60.1720291574159
58.5055727450153
51.942769451228
55.3631417087986
60.3493983600189
71.5883587219587
75.5544097572442
72.578473146715
50.9073582506327
90.4569989084787
73.9014716684954
58.4056778717658
97.2146629695646
66.9136855858201
60.5138974423253
70.6351075443349
85.0681788003892
54.7590809482481
39.2726929628893
94.4642534199406
79.4992845856401
43.5969220076662
59.6332965636589
61.5977471647291
87.5410914230775
86.6684810822879
85.8717626364828
74.9979295648538
70.3153225757605
57.7513361173651
97.9205441801738
50.4848620898993
41.0184382300685
77.2318741246449
48.4417183437281
74.9390106913717
108.999175358744
101.848139440053
50.9811695356744
74.3829365281838
36.0486718192727
76.5963068413291
61.7521660360864
60.907540108558
51.5048998005705
83.3191351927144
60.3708503880048
30.895725338379
59.2409295907455
65.7515378722383
55.2901850740717
77.7705125843007
61.7927683526826
99.3954420428808
80.7489576173999
58.8603531010898
64.6350658357952
64.3038896497495
67.7566300024094
84.191017997617
59.3938449392852
90.2090012748168
71.7516621851272
72.5666900863465
51.0059643059215
72.6216866249777
95.5986573329104
47.8568454081393
74.6737234857694
69.4466866885151
54.975819547055
94.133768600017
70.8286886417881
59.1037133400359
93.3639978713663
59.8822459883045
51.2302330835496
67.2515297467955
88.0473276619441
75.6189647672787
59.3931646178869
59.962320143973
61.4012738934439
62.2691743184181
63.1277554893716
63.8701969693773
64.4717048132836
65.017642875662
65.502433452088
65.9396382827527
66.3922966362152
66.7562462694579
67.034494079778
67.230637855722
67.401191761442
67.5747588923315
67.6220837363729
67.6142963377516
67.4868063674598
66.9941310243698
66.6086418760459
66.2020207563675
66.0001271520523
65.8737073309815
66.2299955025312
65.6560618854426
65.805847637205
65.6065486044106
65.4362887920626
65.372733194656
65.3498806429848
66.2094773848397
65.5578510676279
65.7423958783176
65.6552264358688
65.4988735250036
65.3886172202135
65.1918310480905
65.4674062366854
65.0303441720549
65.2081121829335
65.1489438641883
65.0485471504863
65.0230348111244
65.1896987782194
65.9808602056091
65.6095324567473
65.7732568427943
65.6569960313317
65.4967273612304
65.4660949854627
65.5162409349306
65.7676083209514
65.9014941839582
66.2396030272215
66.2065576831402
66.0366482555217
65.8954155813474
65.8495519255295
65.9238698001907
65.8803071014123
65.8082096251563
65.4759844661955
65.1630741552202
64.9985859910778
64.9124490106802
65.0101667635035
64.8977128878714
64.9414203885712
64.8259780945906
64.7662513107202
64.6285197954121
64.6036744907636
64.4790445490448
64.8285361887209
65.1407102434539
65.1031503801915
64.9096595714996
64.7291698213443
64.6271452410029
63.8045848724625
64.5620594198343
64.6516852820211
64.455137674045
64.2568243036205
64.1220455388334
64.031165607944
63.1510085229992
64.1873359824159
64.2487103082168
64.2140038438585
64.2600234824926
64.443960618996
64.7406624754554
62.7209315707859
65.2920181586477
65.6696444526151
65.7776339244128
65.7211491879631
65.6005024372149
65.5346577055438
63.7748188918663
65.3175415698328
65.2952487561993
65.1816425723807
65.1110978826074
65.0764463883008
65.0918652941406
63.6106834882399
65.0391056410547
65.0904687101409
65.0969526430067
65.0436918447572
64.9772487633346
64.9088834357245
64.8668324367909
64.8628922376937
65.1361924189883
64.9896302012557
64.7713937856552
64.5649469333045
64.490553364175
64.5523389084088
64.5478731456791
64.8645000046875
64.7481508483961
64.684136040007
64.607332529643
64.613695186937
64.6131777496283
64.7772834617899
65.1238449908841
65.0412423054655
65.0490539190246
65.0299273630585
65.009907989489
64.9137464974806
65.0761037700466
65.2986976338579
65.331860536807
65.1477960982055
64.9195987522541
64.7282535851495
64.4896753885135
64.4933929394851
64.7295676964
65.1002873134951
65.0955835914607
65.1456444198814
65.1059813252009
65.0975297872877
64.9589865368487
65.4181923177638
65.5027853492785
65.543708878315
65.4718232823895
65.3304778199557
65.2433261721851
64.9940495077596
65.2520823564838
65.0754030183442
64.8441630624955
64.6906416541821
64.6016023866408
64.2982340681946
64.0839014520724
64.0109350699188
64.0847996585981
64.3598424764823
64.5712433974679
64.5461387287422
64.5709351803517
64.7401718204746
65.3119101081692
65.7209255618731
65.8775349146386
66.0228435805746
66.0528443943748
66.261474198612
66.5203592631892
66.820816785821
67.218685111818
67.3568261720284
67.2809070244253
67.1649155804333
67.0731765911363
67.1034935014559
67.0690452462739
67.1263941406319
67.0968157855556
66.9516377617633
66.8122985152252
66.4392744826946
66.1092786744932
65.6481946225321
65.2734963185281
65.0542671940745
64.6720096475591
64.2175437946929
63.6188100877014
63.1746970966246
62.830403159646
62.5028375290561
62.1364638033965
61.6708680902916
61.4246028203796
61.2327372858655
61.1155222785953
60.9370928298194
60.6724383648437
60.5379476423817
60.5193157266611
60.5100675987225
60.5946067225997
60.7134697343275
60.8770779349887
61.0644948659793
61.2059973647953
61.2287753726158
61.3225444955883
61.3793126470965
61.4429310216364
61.7087413182018
61.8738334020881
62.0250315811846
62.1069573622583
62.1966192913695
62.1265624774368
62.518030249506
62.7186385042058
63.0490273082319
63.1633192970941
63.4712696597061
63.7503873473
63.9994484083617
64.2653273188529
64.3106816088329
64.3805155379165
64.4071823013308
64.4312480969234
64.4314850197632
64.419638012289
64.4530361396396
64.4410695833255
64.4041084008437
64.2111377620099
64.1761001707812
64.0707101262972
64.0449147829945
64.0599282249118
64.0307092708619
64.0160521717734
64.0392932153191
64.0822724570642
64.002580033888
63.9953331017232
63.820672453911
63.6065984893919
63.3171110197824
62.9547900545697
62.6624232189646
62.2776967685332
61.926874743662
61.7228982074204
61.4447317955126
61.2196241198753
61.0129288360318
60.8789346095399
60.8449893693414
60.866550269166
60.8878651798474
60.8882309811091
60.957078981424
60.9700408593384
60.9811780618238
61.1032430952668
61.1464923243831
61.1408173872846
61.1610332908006
61.0638664654877
61.022581393577
61.0467868552036
61.1589492951003
61.2943106855717
61.4422242933608
61.579109744777
61.5999154671338
61.6507918675702
61.7136381581582
61.827823234262
61.814766831877
61.7528994564426
61.6987027500148
61.5607529279355
61.5804708824929
61.616186873275
61.7286739030997
61.731409638959
61.7275845191728
61.7130211703345
61.7139666324343
61.704587985416
61.6854399580623
61.5089829645719
61.579372689575
61.5846462662911
61.5523166594527
61.5705076132115
61.5577774414535
61.7527541973654
62.0270567959093
62.3471224166436
62.4974187726182
62.5827667819741
62.6631809034283
62.7657958216111
62.853277725513
62.8766295091512
62.8424651744771
63.0461946947128
63.0492805259235
63.0023311393956
63.009255921348
62.9225117170221
62.9057075006245
62.8484619922812
62.8930702006476
62.9225177734542
63.0031300511321
63.015720256931
63.0873240130035
63.0194791781587
63.1362534498731
63.207336757112
63.2622572000374
63.2301091751434
63.2897667336893
63.2790725496607
63.2605971393894
63.1710358936329
63.1738816922296
63.2087943390654
63.2555616882658
63.2300665180256
63.1816260727808
63.104838304932
63.0176189274602
63.0196265323986
63.0556570499948
63.0122975845939
62.8934741305018
62.5422288031632
62.3356625974731
62.0825624124373
62.0105655816847
61.8491687560421
61.8485919403725
61.8825071163154
61.9283042023906
61.9846522098339
62.1389315489768
62.3081988754322
62.378101320474
62.5377229847276
62.7208923761711
62.9212212763262
63.0802521797733
63.296798687193
63.5151272271646
63.7684398933568
63.9889133130605
64.2100707731171
64.2953840791919
64.4293564591857
64.4767716313587
64.6206632432046
64.5338972280168
64.5027562034097
64.3963755042338
64.3841803063607
64.3485625148266
64.2328232573491
64.1149699556568
64.0480488230312
63.9401122507845
63.8331555471967
63.7514520869775
63.6307265860784
63.5749539007763
63.4618015996855
63.5070943945195
63.4381506688315
63.3800629770643
63.0963239530076
63.2896818914709
63.1810907431121
63.0849980197321
63.0433970300385
63.0591410997697
63.0099010496633
62.9156741156983
63.0323786685289
63.0090676905861
62.9054592810251
62.790368991808
62.6876175534249
62.6615250125537
62.7634433187456
62.829836163494
62.8545006981306
62.932753649187
63.0844310065541
63.195756624241
63.3831411578258
63.6184061203111
63.8498654741654
64.0270561506427
64.2506349639589
64.3931900675747
64.4825274733857
64.5532377464925
64.5257361276461
64.5040778731087
64.4880106036408
64.5062146040135
64.5964729582428
64.6120419851669
64.6994950703107
64.7863889186588
64.8690032040211
65.0498952460691
65.1302495042319
65.2666869217708
65.3884139011798
65.4281510883586
65.4606406261879
65.4595819355711
65.488174559778
65.5584356237722
65.6578778149355
65.7511997814609
65.8113619322376
65.9517198624759
65.9367028670834
65.8754688718467
65.9040935067146
65.8415277318342
65.7628843608031
65.7204067940257
65.8039801363887
65.8616487326589
65.9785324958128
66.145403644828
66.348087890608
66.6222834216909
66.6465708225193
66.5740671586527
66.5696399136619
66.3956441426756
66.2561874315127
66.0887563019231
65.9438463402916
65.814812095999
65.7241831513817
65.6601098158879
65.7080094079196
65.7505780120898
65.7743796923415
65.6262000904233
65.5971889001379
65.4771812481131
65.3263925202849
65.3252031885223
65.231940701261
65.0208633843404
64.9948183162448
64.9742875319592
64.8442866805895
64.6801675397732
64.5634302030113
64.3763134745283
64.2938320777637
64.1051465505106
64.0379702984395
63.8899148981498
63.7691182197175
63.698991788242
63.7346127443695
63.8492525928573
63.7882440969831
63.7686795708298
63.7649350750035
63.682704881348
63.6368147790594
63.6452016603828
63.704548265151
63.6859087143909
63.5823822247752
63.3914678617193
63.5065396473086
63.0863502718883
63.0457702617834
63.0189291253604
63.0185158914046
62.8026964236291
63.0235179561955
63.0183876463977
63.015900609068
63.0672004700041
63.0701589813617
63.0763392155463
63.143928159707
63.1104497929749
63.1421892898166
63.1423915138287
63.1821167013887
63.2361009207111
63.2533307197277
63.2625997113154
63.2254019079052
63.1828759392352
63.063755653601
63.0688954659446
63.0747575038738
62.9389319926636
62.9005206073645
62.7631107606085
62.6497916555265
62.5099943246274
62.4847839603494
62.4043377073833
62.4003699657531
62.2860898722336
62.2687646996411
62.1958735291784
62.1862870876228
62.1592295584815
62.1148014681685
62.1650843818468
62.1446107826193
62.1523966539547
62.136028203823
62.0468021767422
62.1520943155893
62.1301872787499
62.113234438873
62.0493056614848
62.0348024945429
61.9747059986617
62.0102733008348
61.8223543277447
61.9956025977032
61.9517988485859
61.93021113888
61.996204926251
62.0128208194383
62.0688475462059
62.172377250005
62.2028604100978
62.2803446339569
62.2789399545548
62.4232179761292
62.4486895044733
62.4968202366201
62.5903683039006
62.6656978142427
62.7241120750006
62.723269673074
62.804145899623
62.8142945220537
62.9518028037303
63.0378616764244
63.0850022117258
63.1782601683293
63.285312245312
63.3805514802696
63.403710965879
63.5158933851765
63.5268237171379
63.473479287308
63.6164534707084
63.5949753569503
63.581471226089
63.585089980481
63.6168635905492
63.669683912299
63.6468362615477
63.7011493850762
63.7329451250122
63.6945145080522
63.7213024716475
63.6753970918764
63.6552942033021
63.6791151609501
63.6480630224505
63.5401958415048
63.641106205815
63.6485606241731
63.6224758488539
63.6096734035084
63.6178708559046
63.6293997997166
63.6554963624203
63.6690263083894
63.6479011032349
63.7313121208931
63.6451579460344
63.5425285153976
63.5872744217324
63.5537938959549
63.5465689575852
63.5199254467941
63.4854446992571
63.4474586194692
63.4442771249373
63.4151154404363
63.4104460497816
63.4173373266643
63.4385650977367
63.435427277266
63.478887987337
63.4631818048904
63.3947208224888
63.4808818483463
63.479681199737
63.59853532971
63.608814171373
63.6172004872414
63.6801907204279
63.5793763733595
63.6168801537891
63.6605158023022
63.7089879254177
63.6975111740708
63.7583166620067
63.7977394069574
63.7761506269684
63.7466077404779
63.734238282898
63.7068499435027
63.7626814428005
63.7679666360448
63.7822439330752
63.7465480293316
63.7237679397794
63.6947858000138
63.6888725814101
63.6642281479421
63.6213791386587
63.6106898004074
63.7034666118999
63.6881880200459
63.6117321141315
63.5321055541368
63.5732951497646
63.5868405854449
63.5383910060372
63.4986001841
63.4096869116535
63.4794143574551
63.5248768516823
63.4074496220791
63.3987023510737
63.3618634429071
63.3202025600712
63.389582401477
63.3687087776811
63.3926119329478
63.4189142784567
63.4101238410422
63.3999914822688
63.4468929217849
63.4667191421539
63.3842193029249
63.4896459140958
63.4605629524129
63.4630802976941
63.452305701941
63.4036598172904
63.4065787963368
63.3630502473248
63.3947072310655
63.282515162961
63.3373438105644
63.338929979761
63.3442076852494
63.2684409042833
63.3629287375215
63.3117274668083
63.2942678907896
63.3118551950944
63.2938870859819
63.2200082610459
63.2781206849201
63.2880764017772
63.2880394242332
63.2075079596351
63.3114832686905
63.3043474337785
63.3579956613378
63.3310641460385
63.3727008055464
63.3533306246444
63.3736239591259
63.4152546530778
63.3618931385621
63.3409289191686
63.2655290090562
63.3126569334762
63.3311435589779
63.3089514606259
63.2144115259088
63.272376364528
63.2452076310759
63.2101871429864
63.2054348675002
63.1911877676939
63.2276594754221
63.2161169347401
63.2314144078787
63.2797570956835
63.2985559913485
63.2668283866394
63.1370820951844
63.2711637843969
63.2634961111868
63.2454397480941
63.1941229266176
63.2290356185435
63.2207856257399
63.2889940701903
63.2767016132415
63.3450280698062
63.3668111745916
63.4003663461682
63.3704712053589
63.4723421209552
63.4600812852835
63.4444734713262
63.4338986126131
63.4957043913131
63.4922734311455
63.5017535062601
63.5292186934489
63.5954116936072
63.5617636370778
63.6287005574396
63.5425644535036
63.5542363009156
63.5360840090404
63.5847068711698
63.440413674979
63.5730437488655
63.5797765391619
63.6040333753643
63.6267528405745
63.5575529164742
63.6091629303841
63.6395018742145
63.544052825852
63.6720446302961
63.818295158312
63.8610862321628
63.8630826391257
63.837902787448
63.9233094936307
63.9333155640976
63.9511108436671
63.9220643983023
63.8492714106749
63.8529250972261
63.8830744527023
63.8222402828488
63.9157747973012
63.9221688403484
63.9299829861055
63.9213966089217
63.9460461868331
63.9189004293706
63.9023028310963
63.8200416347171
63.7645421022132
63.6446476046386
63.6248096618336
63.6373999644939
63.6192156829278
63.2863272036469
63.6375850932343
63.585832725831
63.6342866036072
63.5634183653256
63.629565216296
63.6479140483397
63.6064004555443
63.6316275924676
63.6698191003955
63.643652077542
63.6377207447425
63.6608549983954
63.7311391064466
63.7164272238421
63.5615011968329
63.6321543172794
63.4642270548648
63.49937855622
63.659683109684
63.7242650399534
63.7715759058699
63.6823334039235
63.5884067342165
63.7035300477856
63.6794664348453
63.6922408767823
63.6203879771315
63.6163665072026
63.6298075114109
63.7171444832192
63.6445611058932
63.6403186497691
63.5596950410839
63.6236861880063
63.636726424425
63.6560967267186
63.6579679488245
63.629895386937
63.5890783110131
63.6202328843299
63.5962591465406
63.6121515226675
63.6282549460166
63.6605986327202
63.6413132016816
63.7406793638274
63.6993082566386
63.7559946185176
63.7503721427595
63.765087777492
63.8175024767085
63.7573593913351
63.7846280190004
63.7177408586282
63.7284581296887
63.6872851589768
63.6909301949654
63.7044828780533
63.5396793975899
63.5930229758205
63.5959435104894
63.5623547991071
63.5317494678062
63.4378405244665
63.3502729833619
63.3585520808165
63.3698914001186
63.3279750532962
63.3198377069099
63.3270304584582
63.3110489666713
63.464892190183
63.3743378915737
63.3332442800278
63.3462084253124
63.3129639518474
63.2715991009267
63.2327094077267
63.2454033053167
63.1812501199564
63.2619511224161
63.222904514033
63.1705676129164
63.1645308766525
63.1705618036117
63.0729545638841
63.0715377791986
63.0276310723339
63.1745412945189
63.1191854974353
63.1464618562713
63.1503912168891
63.0919996933827
63.042874070808
63.0391418746185
63.066225638866
63.0460616700669
63.0622989174595
63.0309672499467
63.0143618546211
63.0412096047164
63.0300544572509
63.0938895718668
63.0637787474402
63.0682968369558
63.0741250331099
63.0876345741967
63.1382422108351
63.1554101393474
63.1538638530557
63.1846598802934
63.1130522225061
63.177416503818
63.1310396935244
63.1197530129209
63.0603399424931
63.0877409669429
63.0928221000005
63.0695102294486
63.0768837218105
63.0939284366432
63.1313656986672
63.1624880765683
63.1591568911413
63.1940183468455
63.2437934946952
63.2645545628879
63.2639162199456
63.2941333095718
63.2469093354533
63.2767271288446
63.2666185911076
63.2841746259798
63.2220788169061
63.207330150363
63.2064683430473
63.2094791512733
63.1433482132284
63.2551515226749
63.1877191710219
63.3261547689978
63.3338927745579
63.274367619057
63.2754279557628
63.1466851120219
63.2949739682895
63.3153800275051
63.3037534628619
63.3191427907274
63.2755200488636
63.2574371229771
63.1736117123085
63.2514658562037
63.2012450050626
63.2104631797871
63.1804259969701
63.1386240726608
63.2397543761033
63.2530454486338
63.2596117409472
63.177274635229
63.1801560572997
63.2190061875459
63.2075033013626
63.2365156325545
63.277969527091
63.3393730880049
63.4092838383887
63.4823065456147
63.4929487205237
63.5417467338882
63.6372895478411
63.6431204681162
63.5552625441049
63.6755838234453
63.6566624016354
63.6331028213273
63.5154570585863
63.5903872251466
63.593706465619
63.5913669057647
63.4391667292847
63.564210731025
63.7006716456434
63.5982189089006
63.6421121779832
63.6752683758559
63.6242633466974
63.6071907938916
63.6303914438471
63.6501237478763
63.6667473840135
63.6954235475473
63.6582854464662
63.7572225718348
63.7187086890299
63.7571794054005
63.8875094233844
63.9236726052705
64.0317097715268
64.0916678717725
64.2775670472162
64.3819188850434
64.4749314818067
64.6432744654287
64.7912237357988
64.9525123745749
65.0623268492718
65.2096557290201
65.3104297732542
65.4536710464957
65.4166366811624
65.4708376753333
65.3886788371179
65.3124741812766
65.2757685900569
65.2235189846719
65.1620290320164
65.03725108363
64.819533386991
64.9348987546613
64.9567655909124
65.0442624530935
65.0732329746174
65.0028442008457
64.9303629146211
64.8985572758567
65.0363778384902
65.0033267322212
65.0192714871988
65.0792771446188
64.9977659435173
65.1197873158874
65.0615836311328
65.0774113939749
65.0320974158397
65.1164080132476
65.0505932964466
65.008783170298
65.0047773471147
64.9622269320634
64.9179706212866
64.8751522294857
64.8297603633769
64.8106017548872
64.7077615369768
64.8142585847151
64.8431536688863
64.9424316585745
65.1127818191522
65.191886443595
65.4262543402343
65.6376914935966
65.874480442595
66.1185891601771
66.3816830013487
66.6085941164038
66.8261583948692
66.9446348563209
66.9029519213695
67.2483385916399
67.4186800894035
67.6466299009461
67.8808166917864
67.9849272057147
68.0802076591643
67.9276161989562
68.0817746235206
68.0675930947129
68.2018129453573
68.231817658847
68.3033731684822
68.3117536727191
68.4938120198046
68.6689680252338
68.8940737833624
69.0075934170517
69.040611253266
68.9400634749624
68.9124857113523
68.8535822469669
68.6588919361394
68.4053914036438
68.1420763165491
68.0491386400399
67.9107595643477
67.9255889120669
67.8300942708617
67.6664050109276
67.8196386296657
67.8455753280023
67.7679216145505
67.7016381083606
67.5024333615253
67.2268875958641
67.0197124559124
66.7013765890343
66.427325292374
66.1548948978424
65.9134071394097
65.689759344935
65.5501671058269
65.5350989581003
65.4618326312302
65.3532988510949
65.2298878005008
65.0861539868159
64.9186400841528
64.9008662070045
64.7846933798883
64.7410275028904
64.7096421432194
64.5925317452369
64.5492743624835
64.5069067094742
64.4774440092628
64.4713114495763
64.5260309116552
64.3240782119025
64.2979053522854
64.2833969324072
64.3351445905776
64.3333735593485
64.5053394675978
64.5734812073076
64.6702286228518
64.6187442407858
64.7287369661486
64.6658627009287
64.6748888180129
64.5799023990023
64.5333910702478
64.5407350296009
64.4772186938458
64.4180538892224
64.5049024740418
64.4794266982938
64.4878284483913
64.4773823902388
64.556123405867
64.5515917391252
64.49006680425
64.3759525504424
64.4355877362236
64.4071030472268
64.3482755402857
64.2560135976869
64.2796709873237
64.2271678574889
64.2282576442256
64.1943979657445
64.273022011075
64.2849788035883
64.3175054909254
64.3373179754637
64.3310560526782
64.3232075411137
64.3252094211765
64.4519927701126
64.5370988342757
64.6664620477741
64.848938546188
65.05545701897
65.0731388915736
65.3052264780788
65.221246136885
65.5195493847224
65.6544236770006
65.7921647355496
65.9001820755331
65.9637222413469
66.0086963207271
66.0956064434464
66.0921818475157
66.1584278355616
66.0807193597313
65.9928244228951
66.0705566499821
65.9977342268808
65.9373217640942
65.9135102580345
65.9091986522591
66.0183079131741
66.1430493738547
66.2421430703012
66.2636868681616
66.3978736606088
66.5390689437815
66.6883638181504
66.8383273966579
67.0137775233249
66.9938043790578
67.075468866972
66.9720245156631
67.0683402871945
67.042577999137
67.0680998433738
66.9865112951723
66.8251741781415
66.8351212872413
66.7203166089334
66.6863169447473
66.5431248045743
66.672724056344
66.6749198414075
66.6477181975035
66.4756828959115
66.2634561926379
66.0681931818926
65.851531788706
65.6445593331403
65.5837458912157
65.3089767752632
65.1523364119726
65.0960388869431
64.9762326562228
64.8210717006665
64.6375331676086
64.5683182011625
64.4341746043716
64.3101028097156
64.5490378619598
64.5589045477029
64.6722119639626
64.8163321032942
64.8920014126792
64.9852056783456
65.0298067486406
65.0687052800068
65.0272595664048
65.0101006840032
64.9435417579784
65.1256230599338
65.1281564047204
65.0502452379042
65.1898270365816
65.2478915257653
65.2295038239999
65.2366555637033
65.2712490388088
65.35219693115
65.419790434827
65.415773353185
65.4470636936456
65.5111427548498
65.5640269883466
65.7982842402219
65.8014860158831
65.7743387235217
65.6871254319117
65.6077679639562
65.4005608006377
65.2791397514726
65.008822559536
64.807568050478
64.7810650269752
64.6296547806934
64.5347858372224
64.4038383191294
64.2591611230795
64.1778750855802
64.0034155985036
63.938144515084
63.7668402399266
63.7228682607171
63.662479644863
63.4907294721416
63.4550587855844
63.3931999446835
63.3305517206514
63.3458478669166
63.3424030853997
63.3986043851854
63.4515303426204
63.5554288220623
63.424820670781
63.2696040442447
63.2194463182335
63.1065728648339
63.0367877734565
62.9437876778309
62.8536612485862
62.791468589732
62.7661398861345
62.6206518456236
62.5765837250885
62.5043455296538
62.4411536366215
62.5071208844635
62.5167870922192
62.3905334763921
62.4101758020153
62.4446903527269
62.3998062253382
62.4951248786633
62.5753033677514
62.5578546145352
62.5940379095356
62.7129267960185
62.8555248114414
62.9846008859104
63.0669656006748
63.1982159754219
63.2519183918847
63.3703310686446
63.0809994333158
63.1509675181934
63.034602801989
62.8455162781542
62.6243981775581
62.4376702529822
62.2517304240246
62.1234771393198
61.9522948111918
61.8001300740954
61.7769540682748
61.8136600777284
61.8888146689615
61.9984209829084
62.0429024771057
62.0792488870019
62.2371665379483
62.3985288506968
62.5810088176205
62.6771931320103
62.7835665623623
62.82656199058
62.929734449961
62.9339183700009
62.9815330553311
63.0095153142878
63.0780412365785
63.0615619986158
63.1116073398324
63.2443374099672
63.353700434341
63.4246672353937
63.541739040397
63.8909756545793
64.0175367944575
64.2212605776565
64.2523280347458
64.4923246623961
64.6193098670006
64.7295522697821
64.8484682534445
64.8714084175719
64.9986055724355
64.9679551609888
64.9816215113222
65.1539435147481
65.3015234023346
65.3630812105163
65.4500240036413
65.4764163449462
65.3781364693519
65.486489144132
65.4296067087407
65.4550998334981
65.5548196206678
65.6706419682003
65.8677139358643
65.9706868420864
66.0928228550587
66.0564076578712
66.1653743881666
66.2081112072351
66.2505394873936
66.2818082609408
66.2305855776407
66.0846141598914
65.938913636622
65.8087293903015
65.6628343705985
65.6070023238508
65.7087092471658
65.6393836997896
65.5345104169017
65.3583467815048
65.2577954882927
65.1823348481658
64.8924863385299
64.7796435341156
64.6763855740012
64.5693225139129
64.5572405920518
64.4361196085714
64.3316843212595
64.2649050187989
64.1803103441957
63.9409889770307
64.0548802240227
64.0920564713636
64.0438662748209
64.0089703626942
63.9190099149509
63.9735836027837
63.9548477604159
63.9388108713945
63.7737630090245
63.7174701624713
63.6456564387603
63.6885158612854
63.703051735612
63.652203936821
63.5458614623485
63.4559165811817
63.8099660637796
63.8540353029424
64.0059469874674
64.0520289808119
64.1047244101034
64.3835667061168
64.3878116676605
64.646475566304
64.7178539144292
64.7206508931643
64.7751285424922
64.8138568279988
64.8552499236284
64.9874102598058
65.1393869159906
65.3113140295448
65.4650441106666
65.5808462002516
65.5552550742716
65.7365106346844
65.7181657790955
65.866397316133
65.878328338323
65.9063438384555
65.6649451207486
65.8117093410713
65.6600890834432
65.5346450045949
65.2753480880173
65.4014743493933
65.2546745206674
65.0119562123087
65.0133822344231
64.9955916743067
65.0967503046831
64.9750326849979
65.0088475513229
64.9440445292311
64.8914789097982
64.7455244604067
64.8190313410144
64.8055667657393
64.759570666334
64.8276828912627
64.8389252103759
64.9189500133586
64.9076521971187
65.0219447112927
65.0502048579537
65.1385467404451
65.211864889854
65.2757591064448
65.3357260936212
65.571073553388
65.53950637725
65.7081963426423
65.7206292990665
65.7843053371852
65.788644389662
65.8007181716122
65.7463846272174
65.7267045106455
65.7499628669907
65.814186631089
65.8771331199959
65.9842760400123
66.0400101957813
66.0410172087321
66.0636762922302
66.1885361697063
66.0823936809444
66.0841890434538
66.0189695879947
65.8793398665651
65.8240299916304
65.7194743367654
65.5782922557295
65.3963902984879
65.343417551776
65.3095765023641
65.2079615410512
65.2570557622263
65.2936227464136
65.225861308109
65.1955896003388
65.1225960279175
65.1895306528981
65.1398187203231
65.3036824210594
65.3393458046633
65.4880499756164
65.4972116686116
65.3343617561875
65.4164836106133
65.3879561074405
65.3152239146897
65.3389497190038
65.1817905376962
64.9977718986671
64.995450819528
64.8284914297939
64.8629918829544
64.8652658391587
64.7541927653969
64.689036326635
64.5902444179639
64.7314369598135
64.9121800086128
65.1692312895113
65.5292700156781
65.7095208015654
65.8529211178881
66.0105834926612
66.1928372739799
66.299082170242
66.3424778646947
66.4378736811604
66.4287689861835
66.3237895891743
66.2808301910555
66.2257992352146
66.0911248501086
66.2459664827519
66.1220176082199
65.8952514757351
65.8770721674589
65.4708170252141
65.4992741506029
65.3863666649069
65.2794342514956
65.2560775126019
65.2480734783745
65.2321615760436
64.9596119403917
65.4956251542985
65.4114750699011
65.5552514480667
65.4659435246278
65.4793255581603
65.4419501575911
65.3032647615916
65.2980811438134
65.3820035057257
65.398796321383
65.5141672867211
65.4779050565225
65.435391587235
65.5521968704287
65.5666898370718
65.6742355052857
65.6939590656429
65.8726907770014
65.9708550533927
66.0875031516532
66.2179468125967
66.3638890347934
66.4400784575178
66.1623323188912
66.2137890959548
66.1623592114194
66.1460032904709
66.204399944504
66.2018199488639
66.0544147093202
65.7520406876831
65.9251795141372
66.0599147374713
65.9977135349507
66.0786804981498
65.9690866986826
66.1373915995492
66.2297534846497
66.3308522007445
66.4623783379031
66.5287291367956
66.5974696162297
66.6807957136254
66.8216306787939
66.8821665826979
67.1112958810088
66.9997444203367
67.0187836487429
67.1310581919837
67.0578416867744
67.1178953012804
67.2966914181374
67.3052513542312
67.264323086421
67.3032171674934
67.224383209974
66.9743552599915
66.7932648631887
66.8082323697779
66.5673898799554
66.4364811332541
66.5626670556357
66.6900289414342
66.9208231481824
67.0493534608737
67.2922669876745
67.3661383514485
67.4525573836883
67.4842559189983
67.6109227509625
67.7687734060276
67.8270368468468
67.8863215256692
67.9650444176128
68.1025915476152
68.0926966004496
68.1974465419943
68.3398464335866
68.5967025202402
68.7454563347154
68.771976876522
68.7067373926658
68.8327608131279
68.9257375403715
68.8619002569705
68.7916601224372
68.764570059618
68.6390095187579
68.4626900478893
68.4109655788076
68.4481994973145
68.3235366577279
68.218250149353
68.0689413706677
67.8619691105505
67.6287227842273
67.3929212438597
67.179066397625
67.0872565565125
67.0999482854913
66.9953695555148
66.9898420398452
66.9350925115137
66.8811029959326
66.8867710406841
66.9087150862286
66.9272825488803
66.8397008390789
66.8366026766293
66.999686543174
66.9817873663163
67.026957111326
67.0252000706437
67.0036386365285
66.7603939045059
66.7875155935809
66.8758209837131
66.9833778587822
67.2125631856117
67.3592437539375
67.1720916445668
67.5216566051411
67.5211878098844
67.3403490696246
67.3107969113523
67.1694664488189
66.9513565625718
66.816725223098
66.7579639733321
66.5841056319412
66.667825816075
66.4190903454991
66.2604584687438
65.8952361531113
65.9241443713641
65.5763968101306
65.3479949243003
65.296622367221
65.0166166865954
65.1389928103442
64.942539000486
65.1779462958044
65.1280253213326
64.9641650055993
64.8409644104074
64.7278048191801
64.347893890055
64.2951558363521
64.2786493098009
64.4873656948952
64.0645867675016
63.942971292554
63.7474823436486
63.7437743914203
63.586279890951
63.5020899456168
63.453713691441
63.3760208629158
63.3547657994063
63.2364730472747
63.1998682400462
63.171667859411
63.0928988026963
63.101126000929
63.1768500811598
62.7884149029699
62.7558931800865
62.8233350770993
62.3018152054957
62.4083881753341
62.1006236304733
62.0720307092116
61.8598547402742
61.8857780963533
61.7045074584045
61.4771067771898
61.2740525453166
61.2296285109575
60.7644994010314
60.9845175441235
61.0270221557924
60.890690038296
61.1652275133787
61.278973886442
60.8277283325745
61.480635400662
61.4916933254197
61.4253804239657
61.7046638223131
61.6254794214846
61.7604262970422
61.7871702653909
61.8512186129498
61.7809327561094
62.1302124780741
62.0761974142632
62.203030659704
62.4532527005887
62.2758349784451
62.478720900358
62.5241925629289
62.707291386462
62.5032988105647
62.8639763814033
62.8584378514308
62.8649605684933
63.0884730889916
63.1561798278116
63.298866480023
63.4575714657267
63.2099010737894
63.4759772829611
63.4816592245904
63.4605558100151
63.5937261746563
63.6945371335852
63.8083600313216
63.8993149707206
63.9588149891071
64.1817674476568
64.4124922414723
64.5877817527646
64.765717069397
64.8012569562256
65.0011047699336
64.9720449490139
64.9829489131144
64.9667311408783
65.0902910972987
65.1173679574589
65.0835986473165
65.0632409698686
64.8988937088307
64.7840274217269
64.753053182764
64.6645441661772
64.4268101573718
64.4266207762045
64.4284730928811
64.6245624660199
64.5728153514946
64.6558229291948
64.4606563122687
64.4923162315774
64.6261436536059
64.5352353520386
64.9037445314506
64.8539873480748
64.9122265030197
64.9643105269441
65.196005780122
65.183567581923
64.964996325135
65.1409952214311
65.3505440824212
65.5372329286495
65.59685114137
65.588173904411
65.2904508356932
65.5031527770792
65.4024861228376
65.4096898126857
65.4322236661703
65.4674697719603
65.4810087510473
65.3658813669793
65.195756715467
65.2092753694608
65.0818656313346
65.1417994099007
65.2624299203876
65.0011856444929
64.8204182153013
64.682279436676
64.7310480184162
64.3221282901239
64.5875351245317
64.1193583321749
64.0646382281376
63.915057978237
63.8255398785935
63.8855819758502
63.6071629059255
63.7366972758181
63.5846931097011
63.4142960710885
63.5855400021684
63.5865140184456
63.6547521798108
63.6883408143201
63.9234863592636
63.8676140694773
64.1571404281238
64.2740103277335
63.7661433809273
64.8024474954448
64.8050853468477
64.8814658794643
64.9278519098336
65.1226322290748
64.7142407483559
65.0107877891037
64.940550674289
64.9037385333119
64.7880573938391
64.8651059515706
64.8790270625756
65.0157316260431
65.0161226437376
65.0018560150106
64.8050241896522
64.8947830999905
64.8776185560443
64.9884847336389
64.5250663297152
64.7093451534558
64.5074382918896
64.7878577328321
64.8987051978175
64.9161302105814
64.8196068616212
64.917128873157
64.4984336455934
64.7518704046392
64.8257971197577
64.4812158625967
64.6808801578675
64.046523679281
64.6215947591025
64.4301939547377
64.1059767343145
64.1548259801679
64.0560410326033
63.6226355169285
63.1846111034688
63.4730491611944
63.7386418196119
63.7645383723784
64.0129095219351
63.5835266546877
63.7385898825913
63.939307032045
63.5909001048198
63.8642720480921
63.4404231118688
64.1425072366527
63.6825490572855
64.2279804555132
64.1307102765491
64.4905641403915
64.317779997162
64.4717999985556
64.4725837109998
64.6448334011383
64.6801574000931
64.2946948425976
64.4664695839747
64.4536245511835
64.4172207961657
64.2938569188346
64.4276951525176
64.4338640278202
64.3926655891534
63.6554706719984
64.39756073293
64.317251349651
64.1567636258379
63.9967864950706
64.3425511487965
63.7995181648272
63.8449179974136
64.0876465359096
63.9622782537216
64.127384954932
63.9134580805408
63.1570053406924
63.8680279993196
63.6893161846723
63.9148029055731
64.0426823447497
63.6916913219481
64.0128322526027
63.7111094465147
63.7890639459616
63.6977988892227
63.7959486542012
64.0554452832841
63.9686449445152
64.1130692601926
62.6480145607761
63.9796269667991
62.9477052863454
63.3911451636476
63.864926407738
63.5223440714089
63.5306709511388
63.5762305618076
63.7054918880944
63.6234064966171
63.9191992775455
63.5361255563564
63.6680674081962
63.9816876226711
63.4639235620127
63.888942838868
64.3187660329595
64.4442320367163
64.5474311348228
64.1115287034926
64.4199915301359
64.7259824312411
64.6178752345858
64.7849868022719
64.8371793946322
64.6779871786134
64.641766873256
64.2420470494072
64.2542520430628
64.7487680651641
64.5709802010155
65.1114590803677
64.8875888179325
65.1786012455249
64.2596478944013
64.1017241278695
64.3372879445138
64.7354788160792
64.6873364610633
63.9747327301603
64.0735612854832
64.2249388293437
64.1151237894215
64.0703213472359
62.447398301716
64.2001173830752
64.267197501587
65.8713060303917
64.463660067271
64.4008965861198
64.6023850956739
64.4792552833766
64.4370684899243
64.5287406146793
64.1209514550998
64.2898174634572
64.1570901527563
63.8484279177744
63.2651906377329
63.7910159226137
63.9891546635609
64.0399387135762
63.2722491696691
63.7284017507589
64.474472577642
63.4801926282464
63.8905074782945
63.4391857225771
63.6907113201517
64.2402373362081
64.4063506686087
64.2719799643601
63.7472477081664
64.8676085266629
64.5998107816893
64.6623281602418
64.5289987339172
64.7385568672301
64.972376376482
64.0299834725899
64.9669522623147
64.6533543741104
64.8686815295735
64.3142144112474
64.6850095541987
63.7932685196729
64.3762575312426
64.6421143729512
64.1808712801884
64.5580708149363
63.8795920188214
64.3916017122968
63.7630873332212
64.6880852724799
64.7470138634216
64.4140364225794
64.3107991270971
64.6122078523478
64.680216196201
65.1109142859918
64.6575019379612
64.9775395674192
64.4279694321517
64.3949989141782
65.5568127175512
62.4902527880343
65.1864209648299
65.9960959092126
65.5340737024197
65.236666523902
65.9238530272219
66.3766608220148
65.4965461269465
66.8759207749966
64.9231637879722
63.9420771919407
65.4048201831227
65.0965058912549
65.290822578217
66.0304458792554
66.054434532292
65.828485672564
65.0686513025848
65.0400077286159
65.3127612898764
65.5564593103295
65.557416452825
63.8284679513881
63.3134636714832
65.6928301098294
65.668473290371
66.0289880681258
65.3647192694792
66.3605857698881
66.1995852030907
66.7691809311526
66.3987027106655
66.4974389940831
66.5713689269298
66.6751781660311
66.9244823902041
66.749919533454
66.739278867149
66.936828786764
67.5190636768539
66.5872099414589
64.9255275098565
67.3711394086376
67.2091470915551
67.5250310317235
67.2924199981203
67.2885854853597
66.6560351064783
66.7669061237154
67.3639039667019
65.9633162836811
65.8283860633673
66.8476052373273
66.2208940192958
65.7705411920758
65.4237326838015
64.8976814094479
65.0090882504628
64.7948773188109
64.1604406972649
64.6055919281154
63.7292995866934
64.3291566926715
63.9691460220545
62.9865655836567
63.6151313540934
66.700055542344
64.8927237436961
65.2077364733546
73.6440088525945
64.5603990948118
63.5961334886781
63.9173991206923
64.7836418834674
62.9236310398597
64.6141022010201
64.7525634593797
61.5220843579688
63.2736340573682
63.9855502537658
63.9732071250724
62.7614442774715
65.7867425955553
62.6075846229039
62.5345107037801
64.9927293788057
64.1678924589036
64.4245047325821
64.4297100570729
65.6662802175938
64.428546286205
65.757748741412
61.6061045523497
64.4363574330943
62.7455930939501
64.3100180077628
64.4094818356405
64.847794957602
64.5149805915196
62.8085680999102
64.9432277242846
64.0493920082027
53.7219622481702
63.7000264087416
61.9522929451411
63.9428932130046
64.5861040720265
63.6577712156129
63.5594829082104
60.9637416879072
64.5733729667536
63.1949431685878
64.3368259898891
63.1279269825986
60.072942756116
64.7219656405221
67.562810929897
64.104256311367
63.7020453747568
64.6508947825684
64.6930991486448
61.9346501883876
64.4350191729242
64.634134469239
57.6825916068868
64.5342138851909
65.9290151904619
63.3441366894933
69.8814068808322
60.7883820058209
63.6665502057172
65.1842816469208
62.5946106311122
64.2940434265115
63.6438173366932
66.1192786604364
64.6543990749405
68.417035109779
63.7571396681993
64.8962488279994
64.8891239276359
65.0787846966416
63.260384089138
57.1127779548541
81.9267935003804
61.7156557670769
63.3483119156637
70.3048349477132
70.4540662901137
64.9246988653778
63.0030106848083
55.5637788875816
70.8732556905073
65.2667108766386
65.5623309193222
78.3501486407591
71.5250125987559
52.8543001206005
62.4067887254054
66.5100195909493
86.9549748363663
65.1502348504186
56.2110406244122
65.7115670166583
67.9469113057803
62.3794960992876
62.5284161583445
78.7557279019941
68.0332013044771
62.2163582129453
66.6833063169816
52.8233202097426
84.7880191874987
59.8570865807165
71.4628430640005
82.0224128646724
41.5354127741693
62.1199666755498
92.4800272528151
67.7771767071933
46.6178640026721
98.7703436616375
48.2601889310831
50.8475686015092
58.1392189884663
69.008846706923
75.4415820085118
50.9317868579367
73.1750936910061
45.283394285432
80.95576064846
71.2596281134695
65.3673824305817
56.2137708342145
38.7358995354952
53.867744837946
62.2010375439836
57.7979724946621
62.3211431156535
93.4479311103451
43.2823087889253
42.3912879420489
70.9003128739588
39.8573175354276
57.2669967974648
45.8562571286483
61.7491002936674
68.0334695751715
72.4083183888492
35.6596512785734
77.0263131461661
44.1430692883698
37.5180084162733
79.5653063515499
50.6051245394893
50.0348088121736
74.1530678793306
70.3390112098703
71.1834794913723
51.3006828530999
44.9929557266449
47.443518821112
50.2771497861007
96.6079028400534
67.5115589721297
52.6763567440366
49.0271122270374
86.8418833540596
94.7283937686017
51.9704649452019
71.1374020882625
74.6548580056157
72.469121009774
87.3462057216375
46.5206095901899
82.1287827878226
107.037760278544
44.6147721300836
61.0836219913243
78.7149467851118
59.0433252161939
76.9427928448093
64.6942523214155
75.0807164445551
45.1624666328929
50.9085284246858
106.501745983702
70.6985420961724
60.4404268065722
33.7644626401467
63.16070844584
45.9257226763136
70.7878451974751
61.5010337195679
55.0022426474366
79.0916444089712
45.1735823273736
79.8263991470338
45.1810337747409
49.6398536009881
90.755749031729
85.0136734472854
63.3190775214277
52.085906001066
91.6834680797406
47.6136634598983
79.9243823238267
73.6085963781497
62.7926838595887
82.4963993865684
53.6555366159916
65.9690685668541
64.9526523220705
56.9080663946794
58.9335553602523
60.595965831934
61.3009121909074
61.2904992303892
63.4308948455434
62.611589319635
64.901919917467
64.9464175142095
64.939057315921
65.6686640823458
65.585556300507
66.3791194376483
64.6501089547512
66.710185673434
66.3271775629068
65.8572116060258
67.5508486614117
66.7198536027734
67.025745950838
67.2804741192813
67.1980948118747
67.2036574924272
65.8814026232131
67.6005105328403
67.3328912858492
66.8319339589174
67.2834376522164
66.4127331943079
67.8335403022827
67.7068578387525
66.8146938211125
67.897336140251
66.6220254022705
66.4438929508689
66.5974856640584
67.2407231942414
67.0667205161035
66.6515275183518
66.0655935882099
64.6674140858954
66.0107400445338
65.1600310442959
67.1265234570998
66.4439223753798
65.5643402061761
66.364695645899
64.3958774144011
64.719222562104
65.7564230199226
65.1021261973316
63.5455445657963
65.2406639452781
64.7989602622641
64.3363524997202
64.8106718736204
63.0856089886263
65.5214996157182
64.1757372622981
62.1130179571972
62.7105239069147
65.2479894275828
67.0441211231251
67.9970637470725
64.0459131565509
64.7028921580185
64.5805793357775
67.742426612076
65.1650197236112
65.2561052131487
65.2150224162933
61.3231151536072
64.2193838532364
64.0444575721575
60.2740308902978
63.0224362795734
65.8162777361086
61.7950196104442
66.1138584805063
63.8395463791615
64.0503690923362
63.3615903546201
65.3870935197738
64.3901699173209
58.103088790192
58.3065667006323
77.1754640054893
65.6912525979626
52.7894915787619
75.6043468288316
58.2221858200694
59.9664381401412
63.1572273702389
58.5468436737232
62.6766749378139
66.4829742218594
63.9021893338329
74.2512440878029
65.5462833123027
100.37311138993
65.2735606259813
68.7165494634489
64.2795025922293
49.5882163654973
73.8442750218693
76.6636326668498
58.0388900527754
109.327833368628
58.8559996766914
64.2419314649992
64.6679447390555
74.6313342335505
54.798376471527
48.5860124051191
87.6310809177052
83.7130198129164
45.8322187162917
57.8682313852243
63.6552255152732
81.5821111798205
77.4041526404195
73.9065997549772
80.5033521007378
79.6079944478011
51.2254351110478
111.913395815912
53.3189089162547
56.478182269488
74.2481306464539
58.1077974133209
67.4357128743894
109.33817753056
97.4605526606476
51.4364286052805
71.7017108532935
36.9212691900148
77.2768552374538
60.9831727020118
60.6705232232371
46.656631211401
78.2177394725137
59.1719557705191
30.7861147651902
59.330263817342
87.8682861766873
58.6113848710575
61.0669093982519
62.9156458658849
64.5417733281454
65.9965542530503
68.0971583714599
67.2699547223794
67.3111440511928
67.6059830499833
67.4240722345564
66.960246366279
67.3962827615846
67.1933912636114
67.0820597848726
66.9614900090332
66.8186975889203
66.6569049789938
66.4425857331986
66.3704203735811
66.173354968411
66.042643564896
65.8717067799106
65.7644002511697
64.6749598499063
65.5608025673179
65.4281393467449
65.3316461993693
65.2858926872208
65.2519735073888
65.2125530762177
66.0879138584497
65.2527049081324
65.1443147394356
65.141582145473
65.1655857765098
65.1468513896272
65.1195980787147
65.6044129010296
65.0692161185863
64.9420642015616
64.8820340592439
64.8974852598879
64.8718010770432
64.8631304414344
64.7680064620926
64.9691563196568
64.9188676948989
64.9798557636081
64.9876536913014
64.9834712965009
65.0044056082949
64.7889325644192
65.0227003055412
64.9790193745017
65.0448700294701
65.0676266510768
65.052144136772
62.9862003223551
64.9982125967022
64.9766013154237
64.9234183455163
64.8300513389915
64.7734647137324
64.7162066573553
63.6456789326081
64.7515014744996
64.698511280658
64.6573643810682
64.6328722907628
64.5620776374755
64.5973644741223
65.4824956634127
64.6467159080961
64.5597475393363
64.5344672586485
64.5906229641604
64.6279111207816
64.6314987246514
64.7474173702422
64.7162148450848
64.6608632057178
64.6753543256213
64.686756366372
64.6487895858395
64.6178401228238
64.3767128155042
64.6783499231897
64.6694549542291
64.6660491273905
64.6866221778073
64.7167533236854
64.7591808034961
64.7286598068729
64.9793067046554
65.0532352552787
65.1342176580584
65.1663571540657
65.1962180003517
63.2062221922795
65.2342958393316
65.2151213544942
65.1462631725385
65.1036430873518
65.0495016759647
64.9884234057614
65.401685004349
65.0577184379097
65.0074071475718
64.9667283675833
64.9267902109591
64.8824326417251
64.8752235161817
65.4975865669758
64.9583684976473
64.8830577580474
64.8676051747772
64.8320979470156
64.8715184294362
64.8158597850347
64.6374232757464
64.8969563644185
64.8077583635969
64.8216076030318
64.8469965817754
64.8666228672268
64.8271141420108
64.6136615417401
64.9179404405233
64.8859440969253
64.902646137443
64.9101584674385
64.9073226229344
64.8668746275765
64.8672081568966
65.0164392345079
64.9872451826855
64.8874618782592
64.9525669236425
64.9915451332089
63.9573311209593
64.987401567803
64.9284920770501
64.8739085097382
64.7966592516612
64.8329405365573
64.7924224231036
65.8286827659703
64.9936523421615
65.0199270455465
65.0165947072995
65.02934291085
64.9887863636942
65.0344067760371
65.2299001313396
65.2544180498797
65.2331194276607
65.204320519558
65.1854926194475
65.1210926608906
65.0914120223931
64.8494103035913
65.1213191337338
65.0345003757989
64.9912111601644
64.9224105420672
64.8566168246464
64.8023045865345
64.5633952233463
64.8438320774564
64.8347466124296
64.8657819768567
64.8716389286633
64.8705726566973
62.9773065392876
65.0229086507984
65.0624569524839
65.0904567775617
65.0465993149751
65.1436273655723
65.2202335422173
65.6349663906578
65.3703842635142
65.3839208471203
65.3221212778827
65.3046403994354
65.1848694956059
65.2072061332126
66.0759388934006
65.207663694226
65.0958567208546
65.0103698180134
64.9978630981529
64.8886240109252
64.8063274163367
64.88417874578
64.7896479508728
64.7297129634778
64.5954377046873
64.6147451977068
64.4656316377197
64.4160110818561
64.1085518905446
64.3602409147602
64.3024391711592
64.1659253590914
64.1494079509021
64.1261119297939
64.1016031543271
63.9980928140461
64.0009303755386
63.9270389330584
63.9294085873396
63.9257339896296
63.9736326616922
63.0697367751262
64.0975506563133
64.0895367422861
64.0973224548357
64.0832339533611
64.1808455211213
64.1602644091962
64.5475448253128
64.313210099959
64.258228592444
64.3014593826903
64.3097608846521
64.3563148100876
64.186927563814
64.3741283200734
64.3591261037417
64.5146082705131
64.3638231193048
64.5011265958219
64.5420096143843
64.565075885767
64.717049777277
64.6040604336709
64.6122114051536
64.6360517358851
64.6237280812629
64.6238199465953
64.5931845968678
64.6137243259115
64.6203123865297
64.6466740530577
64.5078478220061
64.5266018877996
64.4655998024456
64.4238387883565
64.453719427311
64.4478435129938
64.4352825060193
64.4388140415027
64.4351960620067
64.3336679773728
64.5050751609513
64.463248160227
64.4076699456863
64.3579026760772
64.2623138033911
64.2230793211716
64.0484237646894
63.9120951393516
63.9410654357091
63.8310524868424
63.7513382698319
63.6671218947241
63.6563213701545
63.6808250385359
63.7219232050747
63.7584140833689
63.7698121486042
63.8451447214398
63.8419416626907
63.8819583790379
63.9808815284769
63.9959606839815
63.9835171649422
64.0419823882333
63.9621798196679
63.9278963478929
63.9196361241771
64.0115308991849
64.0773706636032
64.1323895916161
64.2153469407004
64.228081265772
64.2369799999005
64.2872136710132
64.3976882913959
64.3710997274523
64.3428277687306
64.3126978115974
64.167676813456
64.2220556926426
64.2072780115435
64.3438831005819
64.3202708407296
64.3511500103685
64.3599897803067
64.3806312632079
64.371894411347
64.3933060812293
64.1610469689009
64.3292081826782
64.3231622473634
64.2839119389486
64.3388311589745
64.2235602815711
64.3777681060143
64.4622437468525
64.6137426181842
64.6159323112323
64.6190263274605
64.6281884414651
64.648135145227
64.7073207630239
64.6903652588005
64.5232118057933
64.7575955178694
64.7013821782354
64.6474992147682
64.69831088906
64.6657670795176
64.7158818608175
64.5794074052099
64.7134266678398
64.6812143876535
64.7023193144859
64.7028306555551
64.9024884781575
64.6819245802036
64.7157569314265
64.6872228859989
64.7626702927135
64.601607601314
64.676650740794
64.68900922289
64.6921162251161
64.5509441941638
64.6826365652849
64.6845273276602
64.7039860220935
64.606924119135
64.6372086750944
64.641524718374
64.5470872214296
64.5397548474532
64.5710903277508
64.6247020318013
64.6832094761371
64.3877609165551
64.4812203696765
64.3052710396128
64.3849828686191
64.1551772587455
64.3142313660987
64.3168439922724
64.335609634964
64.2391975890942
64.2361528355718
64.3168605305147
64.2209615381228
64.291682521628
64.3367048220034
64.3947539612966
64.4084976016467
64.4922495047733
64.591890655195
64.7331777801528
64.7687897408165
64.9992747684631
64.8696291291796
64.9195911550202
64.7465576364928
64.9627468442748
64.7615331646259
64.8302421347683
64.7844534610197
64.8422332494581
64.7616253537636
64.6292136845342
64.519981644546
64.4930828546579
64.3986886682713
64.4278772158606
64.3887574409312
64.1628038794556
64.2823905745258
64.1336452729356
64.2231028214664
64.0084086258125
63.9609001365814
63.1250781499824
64.1971948847638
64.1299002039347
63.988737761401
63.9333133207973
64.1033963630752
64.087830329771
63.7716663306298
64.1464085017155
64.2005633742549
64.1913085223733
64.2346283064156
64.1742516956771
64.0695415763066
64.2382735527205
64.2525189487244
64.1247487236636
64.1522762098198
64.3876754674145
64.3495047258281
64.4809548558656
64.6633210784195
64.748094900989
64.7408290546415
64.9583691123756
65.0911314835821
64.9919062504822
65.0412629309178
64.8863150689997
64.9312004755339
64.8964212970065
64.8472293623517
65.0897997852623
64.9350750638552
65.1367721232192
65.014521789548
64.8430256333376
65.2169591886909
65.1482891296752
65.25755685151
65.4757119108727
65.279272118332
65.3205473082517
65.2936772236223
65.3352972860332
65.1604828884194
65.1370635693352
65.4488749321375
65.3101388563157
65.5720965427452
65.3415050759046
65.13642105435
65.3508703088572
65.3440484753085
65.1959974432904
64.8931995040994
65.1804652432988
65.0067240534416
65.2222163023408
65.3150630229487
66.0846222877403
65.9777847592409
65.5344449321742
65.1691074082903
65.7389623202748
65.2490053754751
65.3864337382466
65.3921124443446
65.5304603164271
65.157031186721
65.088546329172
64.7671513541379
65.0745609288442
64.8965423142315
64.8095131547627
64.4911930726376
64.8167407594694
64.6456055246597
63.8643538151446
64.7381834047023
64.7441502762404
63.2923111473825
64.4697572645832
64.5212669536525
64.3576419360423
64.365228351898
64.4410305424023
61.7841429321959
64.4885352726583
64.2898855116834
64.6454707760557
64.1910736278778
64.0247874332783
63.9357786100854
64.6580365296506
64.8348215809338
64.1804458951189
64.257703476405
64.5096709051649
64.2713875305826
63.8428080265902
64.617019657481
64.2313658555367
64.246520223147
64.0504556828895
63.4610938922408
65.012431231498
63.2351692880595
63.6000357814957
64.3158184558439
63.9353932774005
60.9472445327233
63.8673472263817
63.8737493608024
63.9684206994414
63.5694772905016
63.9331606536951
63.8848897804224
64.9786196536539
63.9144191692016
64.4061279272136
63.7201658124398
64.0436992356052
64.5471523172372
64.2458396752101
64.2162130125209
63.5831689815136
63.7849388088953
61.9807596401251
64.0254802939085
64.9567449600838
63.0424559958052
64.280075327498
63.6095062511989
63.4203364681416
59.3548404089978
64.367116318063
63.31065491474
64.2505694452854
62.1210366219164
63.6868370406248
62.25496068438
63.7654297115893
63.6975204030023
62.4243802272738
64.3956574817499
63.9948929675262
64.3496877620126
62.7126301338978
71.5009844097409
63.837881622142
63.614759777067
62.6844157679983
63.1387622490725
61.393679370402
60.3498073854519
64.4965242457786
71.7486914879789
61.2358575799357
63.3617143027021
60.4776960925082
63.6535110242515
63.6358005487396
64.078500332522
63.1420949286411
63.9680198740706
62.5167382188531
61.2032006227492
63.2023693012404
59.9286559805058
62.8435530664881
64.0596573550435
62.0735027726998
63.641292248679
62.5643426600766
63.140415804626
66.00962366102
59.7007804368059
58.5742604847755
68.2118614259273
74.2577952541446
76.9341693857046
62.7267374804229
97.7655956821548
62.0802770100947
65.0582393390619
80.2805277490583
54.8393492621531
84.2766267058725
70.9730693450641
56.2013266378778
63.5044077453051
46.6854598207738
72.642457024466
55.8062008706478
44.8868554776373
73.7693055772664
49.6977806017607
70.3571040954112
50.4797803253698
91.7656526603371
63.6502204472331
80.1954821006256
56.8702658136008
50.5498873947982
59.7608519412978
69.4869697468957
69.1804189542257
60.1006674885443
57.6306474039718
55.5661935654447
57.7279771888828
38.3963185428621
54.8142655016411
82.2565810765106
60.5924376009078
74.3789934446468
90.0200269719286
61.2926840775658
63.9680436971281
62.6358056420953
67.9912152099107
64.1526711795137
69.3016712469357
66.4683655231544
71.695427828854
69.8385001263692
69.2952841434084
67.997461616262
68.5046485844534
67.6039433512685
66.6035441818613
66.6676171874757
67.6926849181458
67.2353791195803
66.376144758746
65.169346552268
66.5506817967572
65.9829685614445
65.9975903298369
65.3647087534264
64.6486931060804
65.3498102668757
66.4761723965734
65.4158830627617
64.4669429146026
63.4796785739767
65.5048409483416
65.014340013494
65.6760849662871
65.5565529630203
65.9657434888914
65.8639407092206
66.1266584943286
65.9778350342953
65.3408028327585
66.5258095490603
65.4098165876761
65.4182592386642
64.7693097364119
65.8201518062967
67.4374664985212
66.2961569591529
65.2112846225017
64.1400536639924
66.1431890609056
66.7573606613542
65.9401249309838
65.5313751054777
63.5239794408583
65.8090491325581
65.9019829047161
66.861053000601
66.3874720231895
65.7781541759933
66.0305848783749
64.8007163887826
65.0435885985989
65.6606837497475
65.0371527526856
64.4258975842516
64.9767759553769
65.2031859797403
64.490910477929
65.2667154819943
65.1557703655067
65.6258222323887
63.942010222762
62.9998415745655
61.0342968742664
64.8491242535086
65.9976206388653
66.3891762033844
64.7513374760514
64.7791153812966
64.4522384984078
62.4787716293697
64.7138957341089
64.8754270461664
61.8556340780015
63.890979251459
64.1464066231338
63.4749760080358
62.3470477943865
63.9218481284988
65.2001074132722
64.8772676669179
62.4094668133063
64.2880795871701
64.8471085410109
65.4856261552975
65.6590484154943
65.5751555767203
64.2829216430719
62.2299276614878
65.4357865049567
63.2325656026324
62.7557377837085
68.6368067434645
65.9998662460416
64.8578705250489
62.6036182042577
61.5810049692184
67.1589256602671
64.9437422697144
63.4750882675502
69.4280116285612
65.2868173350391
73.2903784680415
64.0036887493695
71.0418728252455
60.0380511211055
62.7875703868892
72.1428558277482
63.5444070412012
64.1305500435826
72.950857715803
62.3537632738085
64.2553904441721
62.756357418507
56.5381202812028
59.4321706429951
62.1109968526838
90.2005465993187
79.4754460738019
56.5036143144915
60.3874997234962
67.6841413562972
85.4617571625973
84.169746414962
72.5764622440102
81.2152885462965
87.8774585461332
63.2963300860211
112.425350970615
62.1947724135614
43.9304327495718
73.2954085750082
47.475683789635
70.0807069180431
108.492233550708
100.567161055935
48.1918030168432
66.078370323544
59.0828823042334
76.4906345585348
57.076565844719
55.6074972175358
42.1815053083722
66.543866300307
58.6519581517062
26.5948367989448
56.216384313904
71.7574554015935
63.6096330278839
69.7873446152724
46.3923894761417
94.0973764937113
85.0648648841178
60.9059518536122
55.3511039851487
56.5915364277156
64.5971694766076
78.4643902272312
59.5534954575261
90.0170639263819
71.557527760126
67.350474075535
50.4553294196934
84.5186806884055
59.6021079959964
59.9058045954819
61.1552103729058
62.1872199516365
63.0247452338126
63.8091128038267
64.431284922363
64.9936564328357
65.5064212829268
65.9012449724667
66.3455030138635
66.7848536666975
67.1045033556625
67.2851038562113
67.4645496601461
67.6525115764533
67.6866571188803
67.6618625620331
67.5654841601361
67.4027107653464
67.3593000594463
67.1224441259072
67.1916107605774
67.2241615859994
66.945087447318
64.8253939400897
66.5545239654154
66.5355971666083
64.2211048600334
66.3620996430753
66.4586550124363
66.2888589641806
66.2159754104964
66.4592779577375
66.4098999969085
66.2582124279481
66.4119586195544
65.9904181575886
65.6804850374272
65.745421043898
65.6514481753837
65.7440253012082
65.8544998099241
65.861826740316
66.1116982334112
66.2744536510275
66.2989881037569
66.3199190797227
66.4270410729953
66.4356169748592
66.4525837438411
66.6062392571725
66.749885501353
66.8620690495797
67.0121952499448
67.0926125449653
67.1218107083621
67.0652817907071
67.0084955320541
66.9743686962532
66.8908675252816
66.2369049918883
65.9103957500982
65.6344164726031
65.4921472350242
65.5589033888635
65.5160090661851
65.4185852165787
65.2288810771155
64.8257463958844
65.0895032132087
64.962194429421
64.9263665235573
64.9024220498837
64.7183496418571
64.9364189917356
65.1261256282257
65.146022565443
65.1101199805099
65.0851505955361
65.0160510443668
65.0641064501972
65.0429778894122
64.7474001836014
64.5183893903133
64.6282632029973
64.3471169842043
64.542300909479
64.4031890681434
64.4952707346833
64.7609766959905
65.0233532637376
65.1341525657924
65.854950823297
66.3775141968563
66.6588833796802
66.7534835964146
66.894323166688
67.0730584701452
67.0910607416686
66.857272180959
66.5871897954771
66.2667306913888
65.9185297079881
65.5895299538029
65.5860095543882
65.6106323962624
65.734423357733
65.6251658893404
65.2940584878811
65.0522969842487
65.086683543885
65.2005171216591
65.1964218453723
65.1468888116907
65.0599717267423
64.7564084207612
65.1387029134772
64.7381575530215
64.7027123591804
64.7644454316221
64.4110012349486
64.5186229918389
64.6455543362224
64.7709423392076
64.3406269493741
64.5742209411575
64.4725952906427
64.4768729720467
64.5423853399963
64.4699278324602
64.3998966659229
64.0503831504363
64.8347142157203
64.9322093535678
65.1179291117509
64.1355655271799
64.8994616824876
65.4800989764031
65.0879172624128
64.9701089905011
64.7700272629792
64.5822819839593
63.7429812008892
64.3006219545098
63.9373567899196
64.961657709263
64.6485046993834
65.2223198351605
65.0732886268469
64.9534906427807
64.4547967693172
64.9036801748622
65.4598006352848
65.3508696473992
65.385388047283
65.1604979690023
64.981140055328
64.4967552231372
64.4315130518936
64.1024773620084
64.3532886976
64.3254592109505
64.2848795048742
63.6838964436238
63.3258649572351
62.9792225271994
62.5846941554595
63.2871118626044
63.8753582683867
64.4554002097879
64.5315693419898
64.2298183094067
65.1379702726294
65.3202435333942
65.2496786060028
65.9190987623612
64.7478861754273
66.1357720750715
66.9803654201031
66.3655232106658
67.0350026493885
67.609752460068
67.0098189257288
67.0858157385396
65.6530514380397
66.9326635292109
66.9316783768026
66.8625575652628
66.7435584070138
66.1586229374411
66.5961682356543
65.7283947013258
65.1199952604514
65.1411755984133
64.6543716235352
65.2748147047912
63.6284455367262
64.7834573486239
62.6388092860284
62.4591180179601
61.9072042617412
61.4650955259635
62.3381708570906
60.2344921039959
59.8598593257892
60.4597458254172
60.5857392691364
60.3724385733667
60.1148494129383
59.5185575112739
59.8318175354448
59.4484822522101
60.3861903594401
60.3324989181964
60.4371239256281
61.1722512518056
60.7726859468828
59.8231388198721
60.9056060317224
61.5015419788926
59.2258596855873
61.3994272420767
61.0934018307334
62.0409962018046
61.4463314660841
62.6311268866612
61.3517233978052
62.1605502180693
60.8629428560886
64.8374143006972
62.1890787379949
63.3342890419587
63.6149513494457
63.6851923222741
66.3836668433735
64.1128411561263
64.2505894940153
64.8347930233342
64.5271483953402
64.6085373758764
64.0115278031119
64.6926126214986
64.9254100328945
63.7682541404616
62.3668872519393
63.2657391274333
62.1700025862587
61.8699016709774
62.9171421181661
63.2193650468699
63.1555175008837
63.5036399876141
63.5219166837996
60.909001408983
62.103254615902
64.7942175313412
63.5505981866333
63.430073481535
62.8413387921732
61.5562667179645
60.6498700821508
59.2496450961047
61.8278169455257
62.0876583241971
61.3398772884765
60.7411865640231
61.2446849116295
63.38399187302
60.9762365981322
61.0577875170842
60.690932719026
61.8293171433649
60.1389222804702
61.0098521627565
62.7456690301882
61.936667670672
61.0904475761631
63.3493261557117
62.1655594553582
61.5970751603473
58.7321650708454
61.7903265205262
61.7354757311633
61.54258593951
62.5173187542413
62.2144323089077
61.2761499540566
61.7026066426515
63.6033947461258
62.6732163197966
61.0260222382296
62.4526488912758
61.0834322438405
60.9483978198874
61.1569699519532
61.0905231897984
61.628982460746
62.0257848632007
62.0789823019889
62.4608619388023
58.9960114497308
62.3308012009171
62.1339985571648
62.2330357132006
60.2553730236258
59.5657695322528
60.8423892825847
58.9118716259196
66.2882763658275
61.4122775651093
63.7155870977913
63.1277477752619
62.9803996355069
62.7144133697454
62.5923497621331
64.2390675647331
63.4360573445402
64.9746500277572
64.9483295722143
63.2165687809128
60.929833523494
63.0573371593319
62.1084315147637
63.7516290118067
59.3678173377315
64.0862633365863
63.0360950046857
59.5139263998564
63.2127991947343
62.605365540625
63.2268312838655
64.0023140624544
62.8248357764475
63.6154403129733
60.1575027156127
62.348165681215
63.3591313747106
63.6743910620974
66.9241512976576
63.9884439601311
64.4821896742818
64.9438598687209
61.9261304760986
63.1070015039084
63.8002712955903
61.3211883102942
60.9405877289965
62.6023306809198
65.1352615055192
66.0403638494859
63.1754392150893
63.6787710208572
59.9996410064072
58.4168313088636
65.6197062414385
61.4539864262405
62.2548633149872
63.6786635436475
63.0643192986739
61.6328069832616
61.7937936766088
66.1508734885501
60.361397188077
61.7651544580075
69.0007705323991
60.4527045819522
53.6371330254266
63.3178810121179
64.8197247291294
60.978867610056
54.3718135651065
64.0892176460827
62.3426341967263
71.0452091787417
63.5456141946273
61.8717526194373
64.2417907750155
64.206543761309
58.3800425016038
66.3195149884677
67.7902857300435
62.9354112258478
61.7384655639708
62.0729114650785
63.2283248030289
63.4282434672111
62.5215400858273
63.3250621701542
59.6774472665134
63.1472385029594
61.7114126433771
62.7193219110441
85.2905662169363
62.8300968335639
63.1422770979195
59.7891491594408
60.4706247509349
60.3719932727755
61.6330340934127
76.4703762473248
66.0875876063033
63.7133721673626
60.0428561759275
60.5645866559295
63.9144961408767
59.0426760180048
59.7299951419307
59.6942586621595
60.5255445385921
57.4040144134881
60.7998975924329
63.4493594367502
62.3946028965508
64.8726155774946
60.016133764923
62.8897436002862
62.4477470256339
65.7111461992438
67.1324043278041
61.4342506558633
70.4075980771947
62.5462394045879
63.2562898070416
61.4056410461152
61.1063205318375
64.1742438177351
81.677697956859
75.3850693600006
62.2853682317425
61.4264375123262
63.1223076354531
61.0549821899996
61.837314138935
64.4518204846829
64.8665325054961
63.0400938649247
58.3815280284764
66.7859112301609
66.2270767555244
75.6353771042317
62.3954823852159
55.9337131984483
63.7397489737221
66.3464043182401
65.1735786822482
64.8363124390225
65.1528396260336
63.2479681747683
63.3271638452479
91.2506837526791
64.5919143334726
66.2537473645462
70.5057839292416
63.0406249271961
75.1042156111537
76.8887804965089
68.0703304960627
66.9611481047387
64.4666852831438
65.1509807104598
65.2667106613819
64.6455141986458
64.5815780494286
64.3568448492408
68.6872022149385
63.7948082214172
62.8513847303478
70.7728864392577
61.2791202263834
63.4641415093867
73.7017342446091
68.2279493697793
61.8963822339934
76.5737720717741
80.4131538435486
64.7497646019449
61.3938091990974
65.7181724292623
60.3408449283025
72.2960731581512
66.6877866598806
71.8951740142749
55.9250610230741
60.304086548325
70.7860975480212
57.239585521949
52.4977365822398
35.7303780879036
74.9893455013072
54.3369371576272
39.6662125217687
57.8607377672003
85.5814912632621
71.0298792895482
60.530561050376
63.6257053112746
69.8868911249385
67.4000358575184
43.4922474417019
69.9890151394872
50.2840230255509
59.8372727052272
69.9851598956737
106.334046005693
59.8812128423745
60.2182752707525
48.133295572399
52.698004791071
62.6194310687371
55.2314134768442
59.5185290305811
57.8622884971888
82.8125372293943
57.4159178642016
56.3756120010793
61.0777571976262
61.5537630361394
53.4115397434557
66.8629912220202
54.366110702907
87.6713190433515
59.5207865213506
41.5574826572224
75.0725675251483
62.1157521270894
57.5379665152677
72.2565275787444
73.5826895292553
54.3065558543697
59.8465690568256
53.4336421288358
85.3978300422349
49.3905517586174
62.1085417632935
55.1554858562641
59.1037953250537
62.3416840049545
51.4416312375758
50.7278345166299
54.2259954750752
60.4049362953011
107.993693764655
59.8903117472251
58.4167555560196
56.5824276900339
54.1026879142158
45.6333573115082
73.7308850434527
60.1755323084312
112.309345469105
34.3565685475937
61.6722138634439
67.68144571808
59.6556324479209
74.2106920452438
66.4964505382481
51.6419630935575
52.5344347495651
51.8893250580069
68.716048583774
53.8373131695313
54.6241308311673
49.6391868972498
61.8716276827939
52.1682694506229
54.9696051348242
56.1024470462404
53.4622391466046
71.3118196743821
55.9991824358847
59.0129880634744
73.711479172469
87.3396844908923
85.0005940632552
65.3221764057433
100.985446313664
56.0799140408283
64.6145004409023
77.3692106247047
52.6009714442148
82.8499238723732
59.8973681773316
53.4279743046907
58.804580184295
48.909676240724
76.2814510033606
61.813144848091
61.0681290554365
70.0327825088043
48.9514316032548
70.6304134301029
58.8141345338019
66.3153095132262
58.2375776137872
76.0892037428446
60.9734850638571
52.4184974337567
60.6475119372831
59.1070109647643
71.8122609731377
60.7973165316319
58.7615065366739
61.0242794703772
57.5750198020325
37.1426281267088
63.1702835853626
81.2924228056854
55.5937143413441
60.1594102474729
56.4438115057317
56.1952576027735
57.3142393012405
70.2621754017168
51.3880603290076
54.7702208544748
63.4648796884915
58.2735891196535
57.3960848632205
61.320815845524
62.381738419948
60.3925744019019
82.9615854104819
65.4955069784247
62.0013036416166
50.6060051486073
52.2351378328707
77.3004230381228
64.7699916873804
69.320302590078
79.3943159152595
76.7174217756799
58.5672997156631
62.8924927372858
52.5524555097043
64.788374637593
47.5127045964175
57.6471351664759
66.0633253646239
79.7750286881496
62.8262073268714
59.2178480144994
48.8587058095693
57.9819632610846
53.1362045107596
55.6745140372406
53.2544958483232
60.5409850376497
65.7728777216638
61.8714987476246
56.0482750230944
64.5209650842825
72.9477759493291
85.6838326869844
84.3972616192174
61.9726443941515
69.6968481296705
66.2036814411408
70.9243706027099
83.4442454047336
28.4384923204824
68.5065663516009
49.5332618276004
64.2936411722667
78.3042067655955
58.3713465247834
55.2844037500229
95.218475180082
48.3822844787077
60.3042420699861
78.3518830302193
60.1782639209025
60.4184931326765
73.2981676825078
55.0188447223451
60.4556771761851
52.8675020096902
48.7763880909909
68.3757039683234
50.3260361218083
53.8084347598563
50.6281298269214
76.9746344992759
57.884308690136
57.1308125673952
58.6259344698652
104.804923491478
83.1462028714114
73.1204572559859
79.2298724745628
59.0448934051674
59.7393679111024
83.6694781803325
59.0643145297252
51.0585474738922
58.4520303601053
66.2203365273916
57.7284821475104
60.3657954163464
59.8550107753054
60.3821250377047
43.4061112077387
59.637578634979
60.4413105808841
41.6438782145921
57.6265398503419
60.9178670926246
83.6725924943027
46.2375387893645
48.193686282422
51.3706213695097
74.7895361800566
46.8189822599462
59.6527874851387
56.4559006723216
58.3970443924258
75.1767261708818
58.1240229096837
56.2722592580159
67.3495260640128
68.5881341614658
41.6761732226886
57.5053816853369
66.5664385937129
60.3727487945423
59.6770067852584
52.4738075279617
74.6445060556037
64.8167680107089
64.5366820980849
55.110258994962
75.4396144390086
48.3565426046403
67.7239897967635
90.1794967825719
70.6802207481299
38.4303564193772
61.0777596013875
77.9697337865814
93.1070282968066
51.7166118232286
72.8740340971334
56.8827194463926
67.7462018222752
64.858069461575
58.2367635525886
55.6947583174369
60.6861236684553
49.0823482401287
64.9996410164967
49.8108422931852
85.1068966806977
53.7134355385365
51.0672349674332
46.1115938076057
46.0025467480517
75.6733319848166
81.0582207805706
60.3903763494666
80.5519739658721
65.0289957742587
54.6765241227558
55.2690064698717
60.5618099975088
90.5609157062876
61.6376173432885
76.5883421202299
45.4235646847306
60.2567123791929
78.0319075203978
56.5122180081899
42.2935951608556
77.0106419990819
75.6261439652776
58.7713453905529
57.051909996563
59.0292978134283
70.2548120581073
52.2922857045587
53.0668303595038
59.3014573009041
70.1618059470186
105.412041359006
64.87056627539
57.5089165131012
65.0413220895853
87.9228908256007
54.1138615993582
64.9685611975599
48.290708114001
93.3744389442045
60.7178269504071
60.4329712819748
96.4806136329373
96.5818181293219
77.0453052040816
47.610275491793
55.241187547725
57.8604692245541
59.3602124576478
43.1179499462918
86.0115848303823
54.6003981373348
76.2681961695062
56.6403582080458
64.1804209023939
69.7628676664004
76.2821556788219
73.9926362193116
88.9902231956065
53.1542873352932
51.8605638404815
60.9339194406358
70.1159202211939
109.357687084393
65.1532645229185
41.1915476605874
58.0104429157924
63.1530659192665
65.3640483941522
80.6003562169794
51.8377853384974
42.8933829555976
45.9893604784515
61.8025235486484
65.3372729011951
68.2340227894744
62.936045661813
47.9627840570372
62.0928788221052
74.7742802797894
68.5829466981716
43.5792088242717
95.9765044686192
47.4028680640128
62.7142765590008
73.866281076314
64.0320166251759
61.1280211979394
53.4760746009148
82.0318261193153
72.7622618933995
73.2401580991835
60.8045254728761
53.0136037962264
112.054523084861
69.6918899864546
69.9084306024298
53.1526089093848
41.6682954471723
72.8719227302365
62.2392684157569
62.0415688801613
49.6834489573426
59.1939801244612
66.47795309604
58.6143991181312
64.3031029047723
62.1078284861146
54.3971551162596
64.7370412283205
47.7628742450377
65.700021071859
71.9760010341659
72.0651768047634
96.8080014744387
67.1242011280281
55.9737188129042
77.5791676040118
62.04576983556
52.8480250317661
69.6096543375153
78.7212539393932
90.600518697104
96.9780438721611
53.9076546274297
95.6887669658602
56.2315434969184
55.748520571442
64.4568654099168
89.6709498738687
55.9852058763929
53.4535253558523
76.2647313732447
52.507052457665
60.1085868079558
59.5003955815309
47.9512196630847
54.7637059273166
45.0824570339334
65.0084113945965
56.0790408193459
99.5926985428591
72.7929636332488
47.412988365561
50.4340825204213
66.0542633604113
43.7691256747409
68.4198514147521
46.7567901629462
59.2961399192048
57.3908801320537
61.0434118504513
54.9597141269131
83.3700739657464
52.8556856982248
58.2091792020072
61.1752120437589
59.196560596732
65.9356206131372
70.00882862274
63.662570405356
83.6686621931749
63.9190586104056
59.1708051141501
60.5223257300944
89.3658359873995
59.1345581615701
54.6582221705365
47.793747469549
52.3284430027747
52.659470657438
60.5999081259171
62.2609597515589
94.8026689482287
74.7970125066526
82.3283513126513
45.2395485664565
41.5056246129149
58.6824193822553
53.4739621725423
91.2176306592617
55.335660894801
47.9312824443589
60.6480703114241
61.4052114140007
60.1915759764274
58.9727530794245
102.18387031681
70.9926714479957
79.6771573212627
59.4153913357539
71.2144457022163
74.5294014502073
43.5722629191294
54.493148379573
38.5863370450056
75.4658124145812
51.1602619513564
53.7827495208056
51.0510126458005
58.792013292285
64.5232212806222
71.8462541665155
61.8110304286077
56.7998150712974
64.1064903087087
53.9682687319741
64.8039339760446
55.3891892523969
107.804756573343
37.3499724812555
59.607079567878
64.6309673183876
95.5601364526324
96.6597867124281
54.07109203722
55.7442229363467
78.4763108656487
86.6427706582089
51.7095861363276
63.6393514662879
54.4779126747356
55.6255044425951
90.478936513901
79.6723878285772
62.7582233903247
62.1028347525021
63.3695705686253
45.9834273561456
66.8779481294377
54.6110865360648
60.0633946627545
59.3075634136013
87.0494256911031
69.3900144588297
57.8870190167356
85.9162320753898
45.8159857750923
65.4271367373508
77.7999290727436
64.40917110933
58.8109396233131
63.6628518220779
60.823930317427
59.4881765570974
86.856990471457
62.6374538494629
83.329547022956
64.8486551759239
48.8115782534294
53.3222652896913
58.3877952211926
57.2559894251741
61.6049088865672
41.7229716384047
86.7145377157198
64.5610883620479
59.9846668898576
46.6172138630143
39.7235101042989
63.1962891071778
58.461389124615
82.5893117008262
41.4476918659379
58.1192022677687
49.1148041829937
56.791536144495
100.187894053121
52.943634053478
66.5843650857246
56.1236877490499
73.160411828229
61.7337545571509
59.821899044319
61.372296078249
62.4276458370183
55.6558015922135
63.8407545532699
63.0480067768555
59.1200203024814
48.0494387448629
83.6131880033588
53.2823694152931
67.214369526425
