109.55689754162
69.926313096761
60.2514591088546
75.5527342333219
63.4339902099201
62.8858129329659
68.2990079308656
69.0591132750426
69.2874836246198
69.5179341437239
70.4412518892863
66.5400208813177
67.1171713404968
67.7238658793638
68.6936404504102
67.9246227540856
68.2893020193379
67.8625838271412
67.4879847647936
66.7172331838845
66.464986715817
65.4845616387013
65.0695260450965
65.9971814655121
65.7955906783096
63.7043529886238
63.8561277178973
66.2741269261718
65.9358001601755
63.6950881312491
65.7079383966059
66.5909489477398
66.7180504153791
65.5915588670259
65.241919817848
64.9835574206372
65.8666780926193
65.5165540691925
62.8024317079616
65.7658648708527
66.809311664003
64.2972378430775
64.8699451984663
65.1804258520197
63.5093721603281
65.3898952176763
64.8870871779538
61.350945990169
65.7166828140859
64.8463183423389
64.4253584155398
61.9774180817773
59.1766439875316
64.7719521393916
64.1376848247682
64.9530850065367
65.5087924418538
63.4463188450921
67.6460462269754
64.2224166436937
60.7975466012973
65.7971714879092
83.607998973792
82.2240103141695
60.0051408976632
74.1257722562273
56.901250370429
63.1304710810708
62.687297315609
61.9081378771132
72.9718482451121
81.1980146015499
72.4903422065108
59.1204121703944
61.1575775371837
100.826090401756
55.2235920772587
60.9506280907257
76.1059692460625
112.416203462752
63.5416354977244
93.3307082168327
93.948356612868
68.8557427170908
62.5489060711453
89.4231718705317
66.7000888870402
78.0443263921647
50.191712239676
58.5735463404393
77.232143519638
86.9340013917074
62.6074434066582
79.0365198109561
57.7802677490799
57.3975251276555
47.6958148948985
70.9525913050938
69.3222953282252
66.5660186395451
45.6136559747648
58.6331345225679
61.9128182221802
64.7381407545485
88.8976480603633
62.5093654744959
58.709364203578
59.1324614155346
63.3920415607913
51.2183910271813
66.4096253511411
95.3977544454416
79.3829440613545
62.4565599951437
68.5794315473283
63.9111812739009
72.4297553121251
78.7454068768223
65.3858583562223
76.4505935505998
64.0109132186846
52.9457705135303
64.3670477847378
86.8451469334859
55.736063472878
42.9073191727758
68.0901853155445
65.7389630332627
60.0791833016134
63.9556579858133
67.0772141638815
76.133880386132
89.3814067002516
75.1302529481114
60.0653862772622
81.409364593812
61.6664189245459
88.1910077876561
61.1370316330973
53.6703278256962
69.2090483624521
53.4958577792112
72.9053256167811
82.3018928543229
110.574724421838
60.8346738603739
78.6617720463687
45.1577635202032
84.2141966661761
49.7767457733452
62.6891190715045
56.858786081542
83.1965161927953
62.1636741001826
45.8204710486096
66.6005907419777
50.1897822309574
61.6357687652838
68.2932691230307
65.1431014534103
101.39748366883
82.7899007653225
59.7832233932821
72.0613349562081
71.3238702121392
70.5210378596139
82.0112236649478
69.804354597825
79.0400412037695
73.8531277403804
79.703744425126
56.3479967380045
100.513174682916
62.1755654046623
64.2628842278547
64.5257249230111
66.0358655958098
66.7601858456048
67.4791174767048
68.1047650800771
68.0869253249724
68.6125337059359
67.6981033034164
68.327587995197
67.9223976851621
65.7006659880262
67.3118790795895
67.0658694939218
66.8291523976416
67.651688831566
66.4367175156478
66.1633229570017
65.9315688435499
65.5643586276563
65.5678731025209
65.4700394917227
62.8330326994368
65.1532619768794
65.1103440768767
65.0439289971961
66.1059889159423
65.1293753825441
64.9667034705915
64.9709588620877
64.6297860021532
65.1536241700427
64.8899829285806
65.0930665653464
64.2241045337125
64.8415195958644
64.9508471628577
65.3457809662279
66.2347777340247
63.1646957395182
65.7298632439914
62.1851685749136
67.6160790206007
63.4325620728562
66.3834969656832
60.0437161915579
65.7798977413648
66.0658587750565
65.0464245060394
60.1699582258022
59.8885792265882
71.170802152991
60.75084148425
76.7529476505219
59.7461350711662
69.689556516364
62.1253089524224
68.6505394984671
68.4527628630805
65.5610815971668
64.016409129942
62.6164864028903
68.5489864978829
64.7841861573385
69.685406115206
65.0727839276796
66.8841260810452
61.4015781053179
65.7573337650905
65.7115980317536
63.1424297850148
64.6420681320569
64.6715383626527
65.8466742847058
65.6688238786704
66.5538513469384
64.8085259973514
65.7923828632803
63.8481171077592
65.9031000454978
65.6158026333977
65.655975047665
65.2799934624563
65.3823003296283
65.6455473140648
65.4602279490681
65.6893502815424
65.64955161655
65.7183070078681
65.8437091067052
66.0903880266082
66.3568309203336
66.9116767171613
67.3272874920852
67.4733774345569
67.4341091852883
67.4342236754425
67.4245801927487
67.2193898555319
66.8915558971311
66.5398885265932
66.1289844673687
65.7316362075121
65.4405921566747
65.4211087791796
65.4552554508562
65.5933813018135
65.5532945660941
65.3933969960017
65.2652884630023
65.3534233438571
65.4853971540142
65.5488483237258
65.6120369421702
65.6695352079091
65.6087970332497
65.9039991075132
65.7708582326831
65.8032717702668
65.914659508349
65.8384502980042
66.0078592745992
66.2023586217311
66.4127962027142
66.3544912538465
66.5797651386964
66.6295992733014
66.7487181485821
66.8854282954428
66.9391830134932
66.993063167582
66.9220449459002
67.3002933472886
67.3819134923298
67.4696934961816
67.0495706050513
67.3808343442268
67.6363538373949
67.5004746893019
67.4488798559544
67.3748400334845
67.3232218322611
67.0068496019203
67.2798334450421
67.2330502640049
67.7410721437678
67.7913993104203
68.1789217163255
68.2776301814214
68.378204863793
68.3353459931638
68.5992550810355
68.9792688140402
69.1642112917922
69.3585005075994
69.3807852298909
69.4196313011332
69.3317461013581
69.3373344267544
69.2481302395616
69.2721428319512
69.190026002948
69.0729200724684
68.7088318289061
68.416715529336
68.1892785830441
68.0373900383181
68.2464442588137
68.4849113985936
68.6697467514721
68.7837337356901
68.8549471852431
69.2278061298086
69.3741337272477
69.4115617777798
69.6163333237421
69.3820772164416
69.7427957618793
70.052647445451
70.0311744830985
70.2752022695294
70.5122899498913
70.3206532222292
70.1322503396788
69.5992525333986
69.6649076479968
69.4478856013552
69.3007815286873
69.0939364729705
68.7301496342523
68.558932467444
67.9963546794475
67.5451207057499
67.0918917706593
66.6277493473301
66.4790639110054
65.8015990423367
65.5993201297432
64.7140552120688
64.1491279367979
63.4550223779535
62.9699295836932
62.6745861864333
61.8875778070843
61.5760385439213
61.3713913747214
61.1614141880409
60.8934067150618
60.5960887830509
60.3875470605299
60.3780514465206
60.2358136703537
60.2590766695229
60.3672008755264
60.3717401400048
60.5833498188867
60.5384546518519
60.3933583938169
60.9191855807453
60.7406562382716
60.3715194954785
61.0091473126345
60.997749210621
61.2198086311077
61.0916747825438
61.3312049107283
60.3335556555506
61.4737291031398
61.4062202117695
62.4181048174232
61.5549953892472
62.4858533182678
62.8325510433609
63.0007522941812
63.9101666595914
63.2066520266659
63.24905061603
63.3058299716204
63.2588430177319
63.2810222440608
63.1366027185271
63.2555292457805
63.248377985598
63.4091753137385
62.3455253677965
62.7205759686734
62.3592923309156
62.0947049257355
62.1066289169072
62.1942545903014
62.2767804618503
63.6005760682958
62.6159682316969
61.8011182825879
63.1925726759594
62.404092376349
62.6935794079344
62.6019226134247
62.4728356587851
62.6425236398364
62.2090193613068
61.9975169679726
63.5157272983423
63.1632852305243
62.6290304009143
62.8598320358636
62.7854303909378
63.264666413913
63.2795993791575
63.4989492981471
62.8901614913893
63.9704905234618
63.7159868785276
62.6756980388383
64.7191304271201
64.2143523924112
64.2568400987877
65.3638016941667
64.7699422207874
63.9536342889215
64.1008808499136
63.0808526376924
64.5249584682447
64.4366160494257
63.0608689641449
65.0627231864947
63.5478414817582
64.7345709292847
65.3960630797967
66.6892363356405
64.1806873006782
64.9288057488493
61.5254478077707
64.2630064802664
63.4497900570293
62.5478421123247
63.8041582771687
63.1203866217419
64.7104724052268
65.5094409706077
66.7335653039819
63.7556609287787
62.5393554782889
62.7844035034391
65.5146248283726
63.4045658693569
64.473243958962
62.1109637804395
64.4110508256802
64.6295398377649
65.3733983697587
66.259575646952
64.2913964442651
65.0080967452264
64.2797620636611
66.1317828723019
64.5792568500893
62.5874996237335
61.7888110882195
64.2821216020001
64.0973550873151
65.2383833603581
65.0644625801642
64.7384482039114
63.3170551657388
64.1837710204351
65.1079807518683
63.3247500842299
64.6388397706476
64.8109052974717
63.9539038613046
64.658042631354
62.7179115411882
65.4544941113676
62.4874293032505
63.7838013333552
63.9354218609298
64.8656472520818
63.4748628225259
64.2545571687592
62.1684727858003
64.2760012498304
62.6316403432664
60.679091011618
62.9161334067613
61.0971278691719
62.1439543160132
63.4862084802544
64.3114560438375
64.6499305835449
60.1739445526978
62.3789945686259
59.8865430425598
61.6629502436723
59.7403889970996
61.4210937249304
61.5347865937559
61.90128665097
60.6782065431404
60.2248324658789
61.0886092694953
59.6836484943085
60.5428050941898
60.6460756612444
63.57009443212
61.1507407636115
60.7619042354661
62.1340005045513
63.1297220583644
61.6272210050814
58.9212486065938
62.833408602188
62.297583930569
64.0126617479205
63.0503386342011
60.3943075405763
62.7661872990272
63.1253745394156
60.6898081470439
64.2820131170834
63.6895086200421
62.0629725116965
62.1055803375815
61.4871331494489
62.4327505362216
62.4018100670836
59.2412490878959
61.8591854274533
59.8226991909906
61.4329689838448
58.0516628300109
58.0597602425795
73.951360630589
61.330902473649
61.1729554699587
58.0227223837249
56.0306021205505
60.6689202131578
60.2201625348759
68.9366063204278
61.2365563534377
61.3206654280526
58.556280567353
60.0759066428669
61.2075728730075
58.7954439945388
59.1437294242552
60.7363956886724
59.5841814451019
58.0870264197352
60.6699379017408
62.2441444396695
62.5596233163226
65.3617324453839
60.257186239855
62.1958246188859
61.7144169724201
64.5605390679263
63.7375919585118
62.068401436746
69.9032069951863
62.2279057386537
62.7564627883709
61.578864634515
61.5346821405409
63.4548262922242
77.6727035762999
72.9042751662064
60.5142619771746
61.4131027833439
62.485941111476
61.2218821756897
61.2955229232189
63.7277211751257
64.5344612999796
62.7540128122096
58.8774710019771
63.9795235813872
65.8786609416569
74.1371155300605
62.090613349008
53.3738879667346
62.9860619835891
63.670696663084
64.0025761741801
63.8090548885403
64.3112458502674
65.5253281261798
60.3168664999061
85.6190557517889
63.3218077728777
64.4740406306646
72.0691933211636
59.3841204373975
76.1514179567622
78.9769360560889
66.5339553967369
65.3840633286802
62.6172344603171
60.0191235834968
59.9740288441482
66.0789414945723
61.2086431319023
65.1839843316089
66.7011804162709
63.0663136936821
61.7563830732923
72.3706467748695
66.8081367448088
102.140360443184
83.7110217290442
54.7586795832255
55.7279330523754
74.6349481588969
64.4506079160316
49.0884709883764
58.1653816215203
67.4811864626359
48.2377647576638
87.3982485558271
51.9652952966405
61.2611126171552
59.8772675114542
41.7039839892886
69.4422203073658
47.9785060179129
43.3047240544279
27.9657197623416
69.4240813403807
46.1699378297312
42.4378426710169
64.857528431696
83.2426192943683
70.1907081399024
80.7033674219526
48.9572168544444
64.4695223243954
68.1011377671298
36.4856045722585
75.8019344527577
52.9463991772957
52.549768470606
62.8683092430581
102.618169393376
42.5640093447215
49.0258612965022
40.2814700331964
51.6445631407129
54.2802948500835
42.1985777608705
54.2081439755977
38.5831779961115
72.7265445088396
73.3087972348137
59.5064248088904
50.6743864816415
64.9335477850906
68.4641830099574
62.0686561487544
47.1701046504687
84.0485454714466
54.6632593951315
43.85284987841
71.1191373037668
65.5575982869877
69.7278012149974
62.4985960033789
70.4822654554105
46.3462553083188
64.7512292472522
42.5625463167504
89.096213833793
61.2966933404738
60.2190653380276
51.6236524458335
60.345618974807
65.8531192561148
49.7846386328955
44.9273456665003
45.2495232981905
57.3337579431818
93.435548370942
42.789910666813
77.0828813116142
64.4487392272038
46.5622179577916
97.7188467782114
56.1604928357662
58.2636623845148
60.2815898392428
61.1673841991433
62.9095070732741
64.1061934733509
64.2651200356645
67.2502028997331
66.8655582638045
67.5672322555381
68.100391558647
68.545219781011
69.6186093409709
70.3623204643024
68.7096099656297
68.6159187787821
68.3987360154266
68.3057535458349
69.2235366338339
68.0224594795092
67.3725136892436
67.3406389920701
67.1577997911017
67.6913933162967
66.7382345037225
66.734136681173
66.3205678198181
65.9415086831532
67.0160522363207
66.0038583015931
65.6539436006747
65.6860471812341
65.7024592963123
65.8161115954446
65.624936415453
63.1293744547224
65.4525200272117
65.1840456789767
65.4415719435796
65.1148972973146
62.6185088536448
65.3860179743669
65.0230263465502
65.4127300076973
64.9931938282614
63.3898796115629
64.9185709875698
64.8812658725136
64.7841898361855
64.8261509505813
63.4712825520592
64.4851013836666
64.718258643127
64.4805320621472
64.9943328272862
63.6733300585816
64.7491743738929
64.8016815739353
64.2659159395219
64.5817354207261
65.1180891903891
64.6446003220782
64.4364723701333
64.4851862543647
64.7568309320522
65.0180761478816
64.8727441889681
64.8527672486239
64.8641577443104
64.6537142279776
65.3586965941547
63.9736767134657
64.7949365901554
65.0017158336803
65.1277127975567
65.849252769751
64.8585014468689
64.7215784398701
63.9065703698433
64.740561531476
65.7614207579236
63.7021890257492
64.7243607531004
64.4113888637936
64.5029070905365
63.8923039541842
64.1307310789618
64.3102338852456
64.4547802786599
63.7670170087564
64.3837676091137
64.4851887424554
65.0588142308498
65.4572093209131
65.6543960288665
66.2337466442274
65.3633482930561
65.669825911564
65.6182494439463
66.1646964935509
65.5172830065525
66.146978618223
65.7652023714142
65.5523716440647
65.4995702828797
66.1917505503834
65.9767470410496
65.87175862936
66.2138611116496
65.7779071370107
65.428631391924
65.8345210003919
66.2808728957309
65.3786922112547
66.2272453262649
64.7488060242736
66.3668531704276
66.059873109365
65.7782562504967
65.6905850205537
65.5310345681424
65.8137270813757
66.2985356232707
66.9522044440759
66.2199416182746
66.0147132648747
66.8760994019618
66.8881413656434
66.6800587784073
66.6081798230043
66.3129619919002
66.9899302677432
66.0243149201493
66.5739763262577
66.0482020725648
67.2060511549839
65.6760523524788
66.6260314666538
66.5059697873081
65.0197196516166
66.0780956816729
65.5668145904952
64.3983284894012
64.0617545911341
65.5382615125234
65.6360321375221
66.1791222071987
65.4396318195738
66.3833157358659
66.3461637437618
67.8719482924419
66.983531902846
66.9056999179212
67.9048977784461
67.7343883079662
66.6311613079297
67.4985467606059
66.8317513433801
67.6039702184419
67.5067118212319
68.3545900735664
66.8615518838472
67.3237157751737
66.5312054691229
63.8721999624098
60.5359441458352
66.7002125300644
62.8717082872406
65.9532770112809
66.7093524759101
65.0667027157286
64.7420385096241
65.2606507984743
63.2509357545607
64.2509365002326
64.8612859094477
65.6384316411289
66.338206865147
65.7965471551574
63.5890943559867
64.0690705010534
66.16557298035
61.227272924779
65.6508331789329
72.0677790220757
65.6785596415578
64.783378064412
65.8100470173355
63.8167126985488
63.7358920097769
60.8609691995339
66.3452380704462
78.3490873956135
63.4573165533721
75.501615584806
62.9362192609688
73.4866781045176
63.1873836970529
59.6338906381325
63.121135097082
62.7616292737829
65.3341001093278
56.3996339449856
57.7385459346757
53.3417934213027
55.3692792899213
73.1432841588187
71.4514932225589
58.2612789408318
71.4485898591791
79.3695232884308
88.8066946522654
71.6101305729709
82.1329846915762
72.3692378000433
78.7014993056401
95.8519135600243
66.5385769013725
71.140566161964
67.9162625060172
33.6689910982437
58.9531363521551
49.1592504200382
80.6515104549907
58.3712948301592
56.7008894236761
64.9550051827053
116.35514556909
84.3993676655139
111.385121381861
52.5484404834241
93.5786333038107
72.7520328253934
44.6929527784612
96.0830635831329
62.5149363586546
79.4803344220787
74.7805206958372
36.7866279388372
46.4293708829197
48.4357503805758
61.6104580216213
119.942170184843
64.4314412646398
67.467340862547
73.6803331639038
74.117672030723
68.0505460594317
62.7739207085879
63.0680510004559
63.8857977731256
63.908510508601
55.6603843788064
66.8058000402303
66.1481824437772
66.9751421261226
68.0865354041781
67.8039867640896
67.8482431389382
69.39281730883
67.2124718030722
68.7968157435204
68.1798534765479
67.4926675562083
68.149035413277
64.341461457695
67.8213541192502
67.3686756334078
67.059466948999
67.4666630069517
66.3653253040958
65.6223232983773
66.9453491341372
65.5516510425515
66.7838829839989
67.7880605996908
64.8918833164718
66.3145677534807
66.3120354801303
65.9989836170328
67.3701870116716
64.944128313845
66.0565368974634
65.2002813325128
67.4043028451269
65.7093345577558
65.5514955231209
66.1093409721238
64.6448844703817
65.4996148512415
65.4720429467471
65.5630868865266
65.3207514472192
65.6407383609196
64.6279059659862
64.9376596126511
64.1870859468409
66.0372174006033
65.3246665810701
65.3675539424643
62.8696934971132
63.3510458823029
64.5332779095244
65.644922862363
66.3009437174355
65.1399035216116
62.8325968706269
66.3969477921022
64.9610113647704
65.3662684650929
67.059261050178
67.1045847526672
61.5851118363538
63.5682753075788
62.8215820902381
65.1575380071307
67.2870216662702
65.9303964208066
62.5190758358653
64.8675237484696
64.6774043905604
62.5707170077604
64.2082792439763
69.7744028461301
73.4161078041364
61.8519254347092
62.2088579783108
66.8832329501205
58.6427843194836
65.2620423231212
65.7375826143772
53.5847837890028
77.2286036938173
76.7921138410224
70.5804894239735
63.8173906234064
66.7453076544923
66.0586653891791
56.7888053380959
65.9591026489463
64.9673520432839
70.9775590079397
48.3782423055312
74.8462294391043
58.7316303752454
60.2044644879627
85.6353549319322
54.3293154898385
63.914844539438
61.3686380449795
69.2077174317117
57.4538824402759
68.4865695300644
99.3161246775855
69.6926162450895
59.6920821852863
65.3849257526952
63.6518560540643
67.5324871981918
77.6245289214832
68.754429088113
68.1390128879221
64.6273718805137
51.2909364947083
65.6307192029565
89.7954143265335
59.4904690635908
45.3114572152112
68.8625518604496
67.4845593271202
61.3462748456984
65.6908279437118
67.5583794393346
77.85661221673
89.3372684817358
76.31593750901
60.2647654713861
83.9163162301834
61.7298929493831
88.6797927126323
60.8622230667526
53.3286911339333
71.9989701034805
52.7204984678066
72.9126834695525
80.7832801376356
110.246736406223
60.3346720779207
78.6301385725609
44.3167000422445
83.9418254316006
49.0968382366826
62.299497443621
56.6224820896199
83.2190099932882
86.2189813846085
63.5257982683078
64.5947103349133
64.9820623996989
66.1910062347989
66.9416805869523
67.6257355525355
67.383943859665
66.0806959586544
69.1469386742222
67.4305563455277
67.4346179738154
68.2786432857438
67.1558012749035
67.3013060081265
66.8996645805084
66.6631508491449
66.4048004996507
66.2362896493674
66.0469864818912
65.7988918111488
65.6193074393669
65.4340206454819
65.3058484412335
65.1994596060482
65.1659643690001
65.0768252533387
64.9634114676295
64.9071234681036
64.8634496157625
64.8313724919165
64.8211264861589
64.8499514844754
64.9818867443987
64.8282946966138
64.9823004703395
64.8400411809269
64.8999120746316
64.7804055109267
64.0745280424665
65.1859673456784
64.2024289981853
65.1680034413663
64.3428816565502
65.0574253679578
65.092775357305
64.3558738814738
66.2309336207041
64.8788948202031
66.2973624101069
64.8303228990542
66.1648144319825
65.9684717201763
65.0065972648363
66.6106288790081
65.8157113144611
67.3256466129702
65.5225585366418
67.1368700884634
66.5274188917646
65.6720916713823
66.986541077423
65.2368166769395
66.5439406307307
64.9516416868372
66.0096585195387
65.4480051587998
64.9722643742907
65.3481859500525
64.5796702447109
65.2315298847625
64.460694246655
64.8493039238922
64.6790949584482
64.1896041566553
64.6380420518577
64.4611836424645
64.8009562331547
64.4740093183086
64.6306685321949
64.5744272300673
64.481502412275
64.6970033372317
64.5436993011146
64.5916659308873
64.4840140979864
64.5976402999064
64.4913084735022
64.5376820166546
64.5674712902359
64.5038030586151
64.5780312645755
64.6592592161329
64.8137162614213
64.9941035809189
65.2674321681266
65.2647515053439
65.181373956455
65.2957416175479
65.3428600284794
65.3289736514725
65.2431386299541
65.3556428396381
65.0390207115001
64.8222673937591
64.8113825638078
64.8802161053435
64.902711367276
64.9245196781512
65.0113353683216
64.8183850633901
64.6435077999565
64.6934185208009
64.7801761029948
64.7904578314253
64.7440294653883
64.8909159369146
64.7058506680536
64.6785900553057
64.6372945133687
64.6103843857234
64.5913158138235
64.5859807788845
64.8281716875776
64.7133437262667
64.6489650453555
64.6914576314666
64.7946626022493
64.825909896791
64.8777978947668
65.0136439101421
64.9222176497674
64.8631487739149
64.8616213517059
65.0013393697772
65.0531523764545
65.0444654319979
64.9474174704052
64.9688094929017
64.8810172653155
64.8983505365583
64.873356172976
64.838475682864
64.7568063204287
64.3719698093568
64.6314023017758
64.6306102343309
64.8672113021482
64.9858688315904
65.1848029031148
65.2496186971167
64.8548144229604
65.1838445187179
65.2976464842757
65.4735273113073
65.7095947880267
65.8579480990249
65.7658729373411
65.44884282223
65.6257212077068
65.5459779042555
65.4442534882371
65.4394587699732
65.4133552588198
65.2658948640361
64.7488030560905
64.9706727197083
64.8824843533021
64.7739268612345
64.796320169143
64.8975131428293
64.8892055654946
64.5282707186792
64.944038307597
65.0653873059035
65.0792457521375
65.1358477028667
65.2086788212939
65.1325230370488
64.8814438742367
65.3346792145954
65.3279460453894
65.4080204629367
65.4648376072408
65.4621967814449
65.4045833529388
64.9711664948325
65.3191829641538
65.2580195724523
65.2234449044966
65.1435903157727
65.06088495967
65.0310301963627
64.6272095523037
64.9256907815189
64.8653547413453
64.7769933141872
64.7806409520301
64.6861399918476
64.6826395545985
64.1668495116265
64.5443050862042
64.5415728184135
64.5046579202074
64.4196908296911
64.3182525490111
64.2512392757531
63.8722101492912
64.2443104166491
64.2276162006056
64.1454058767628
64.0567705337118
64.0910605802557
64.0346156355802
63.6365597988951
64.1391785933302
64.1723487693193
64.2438286051822
64.160114952737
64.2021905868549
64.2233418775676
63.6627886558067
64.1892304345483
64.391887483955
64.3464551356927
64.4094612852053
64.4132340139668
64.4312685064658
64.0209786947956
64.5337736048124
64.5248137938034
64.6792363250303
64.4569434973292
64.6309210058571
64.64475864349
64.653690776952
64.8124013368792
64.67538874486
64.6936487009833
64.7128813864802
64.7070980028773
64.7115593229071
64.6933193139006
64.7164163301414
64.7233526463667
64.758680902038
64.6368877921603
64.6639523530077
64.6357835915963
64.5909778480859
64.6333446086767
64.6297438065953
64.6284905278273
64.6307106816787
64.6257209240072
64.5130597234932
64.6794922452916
64.6277414915633
64.5510341517636
64.4657673556823
64.3233891666769
64.2327065208451
64.0335499782035
63.881063714812
63.8621832422131
63.7401153167855
63.6653253463934
63.5738887362684
63.5581139334381
63.6011698312345
63.6307099284922
63.6816866956816
63.6931446871545
63.7702208523034
63.7797937182348
63.8123203812386
63.90132660094
63.9119482257518
63.9016118050394
63.9474526950158
63.8750399695467
63.7968645255469
63.8040645483691
63.8435275218411
63.8756459555502
63.8494801312203
63.8419531762397
63.7763525127978
63.7043435891844
63.631752909649
63.642977368217
63.5069267583779
63.3770289498012
63.2313756370497
62.9728500856938
62.9699493811287
62.8759246108211
62.9949503041539
62.8363029177563
62.7946384741781
62.7415304173523
62.7772294193886
62.7257608163775
62.837135477861
62.6578898340141
62.7716648038697
62.768883383313
62.8324734042627
62.8545104290128
62.9567208674423
63.1577072570938
63.4352448290882
63.7786456241295
63.885274205944
63.9849627223198
64.0850325884568
64.1544925139861
64.3020442775038
64.3452807100591
64.2352325478273
64.528639500507
64.5181828747864
64.4983553608346
64.5794504001492
64.5745006923159
64.6149942918817
64.5393515965119
64.6444169396268
64.6309710790824
64.6746196564506
64.6763600916773
64.8631490885882
64.6656796366624
64.7120056663835
64.6897751768866
64.743965488567
64.6044024730546
64.6574908084685
64.6699346754841
64.6714579718313
64.5583799473951
64.6454941658999
64.6718037480844
64.6815021747916
64.5959150630825
64.6094980524617
64.6049336951271
64.5285543210076
64.5023502748706
64.5435480563915
64.5656539081408
64.6353466658616
64.3593637189005
64.4386282595262
64.2977829161809
64.4047082939388
64.2007230305712
64.3857373701071
64.4143414813702
64.4256739901205
64.3812938470075
64.3892738890686
64.4774561365334
64.4450583921921
64.4765851282152
64.5044784541111
64.5633113605881
64.5444796458022
64.6225721388261
64.6704232877464
64.7501496436744
64.7450259067219
64.9333377204352
64.8049351760699
64.8368716226425
64.6759816544147
64.8429362947549
64.7073843826408
64.8112621568037
64.8143641572029
64.8951162712811
64.8465880637268
64.7666688777811
64.7125655557463
64.7179214862685
64.6575916994526
64.7003532750496
64.6821054178726
64.5058484125399
64.6106206649545
64.4921137154654
64.5616939808892
64.3914885336609
64.3434050762865
63.6613150633276
64.5295825304553
64.4614016355779
64.3310210914894
64.2811564039676
64.4189136733963
64.3890058219198
64.0982873580231
64.4099444825866
64.4208142180472
64.364007405024
64.3451854364621
64.2563706162182
64.1746160707331
64.3359165975018
64.3797938290475
64.2978419756748
64.3469771834481
64.5375671578916
64.5000061771923
64.5816700669641
64.7120124409773
64.744439102939
64.717848843054
64.8649367628276
64.9682864985492
64.8715917773412
64.9130705081986
64.8100814503838
64.8487888844771
64.8351493873797
64.7836279798651
64.9824481229816
64.8582324190428
65.0159200644517
64.9102363830722
64.7684304870506
65.0448254288269
64.9989631989159
65.0891569015798
65.282423658157
65.1042784077808
65.1265070170317
65.1090578321152
65.1542669438282
64.9837157045347
64.9754727252089
65.1925835745384
65.080866841711
65.3080413053832
65.1131543820917
64.9265277929309
65.1247742833454
65.1122774595666
65.0224924192768
64.8019468934431
64.9693565314151
64.8842409439559
65.0098869489856
65.0695940736396
64.9436408891625
65.3710178371069
65.0108919092664
64.7534790842669
65.2365258743974
64.9084640364637
65.0447337040117
65.0068657891158
65.1209266094748
64.8751980496259
64.8582985497278
64.6620059000344
64.7520313736002
64.8432011802881
64.8694438761413
64.4598336161033
64.7362481631119
64.6521864322569
64.131208131087
64.6505187105831
64.9216176958957
64.0384469704211
64.5850956692103
64.715415319388
64.638215919493
64.614719520707
64.5476689977343
64.3608832221587
64.7521574261489
64.554496498576
64.8139566653801
64.5024736960629
64.3600449846122
64.1226708050849
64.5688058628877
64.9307272402516
64.4874622536018
64.557108686095
64.7193173255882
64.5618293878107
64.0402043057132
64.2177158577236
64.5045427971432
64.5315794762169
64.4158075074705
63.9285561483978
66.3461666433235
63.4989959432234
64.0712468306244
64.2858809202635
64.0461355572804
61.5045818834032
64.1686881576637
64.1822160522989
63.9675142143874
64.1850880455372
64.2763827163351
64.1970490515063
64.8893376555452
64.2429571402729
64.6372966758074
63.9081129042863
64.4140343500521
64.7013514459628
64.4686026496343
64.4583852414025
64.0870573378125
64.2384567673392
63.090717241978
64.1590326688051
65.0415493298613
63.4419725538517
64.1949221849029
63.7116131182206
63.6270252297645
61.8063276344732
63.7022943915171
63.0552951289534
63.6584742209996
62.1438000883551
63.1530201270233
62.3773207960917
62.6305691847656
63.014342645095
62.3348782253752
63.6327943962386
63.2958428726818
63.4676688056383
62.8582707683783
64.6652143354769
63.4623958798293
63.2152306201696
63.4067344819844
62.7918765081483
63.2416381905736
61.4920851690382
63.1128252065241
64.0971258044931
64.0150861733818
62.7307973186378
61.2137204547242
62.9168480568141
62.878961943864
63.0930489670019
64.8460201116635
63.7763475487811
63.8533590556208
61.479738233986
65.0100161678792
64.5755284348566
63.9125126720002
64.5945613822275
64.3868859129353
65.7828330306383
64.1219550792041
64.9274069074624
61.7900223190833
63.8146969408368
64.0966555700868
62.3097087003595
65.17412597463
67.2850950381714
63.5821559143627
70.3669695389449
64.9845014975939
63.3867431980099
67.3892988972534
64.1542004003158
67.7010697809819
64.8589024587071
60.7029733876506
64.1430164460371
64.2125254684127
67.1501846242564
64.9497160696086
66.0399468798791
64.5579961808686
62.7870628527401
63.4921943114414
63.3893895024716
66.7181072435904
60.5599499607836
69.3559837185376
64.1803138707559
62.0011512058026
63.5674589872473
63.2710235806773
69.296703793095
64.5931465505597
63.5919836991718
65.7513505840476
59.6300265892056
45.0544354182371
64.761278180692
76.9773278305728
62.1002372718093
61.8825377095161
59.8637460155096
59.2076371170628
57.4930712337698
74.7298133201859
58.332699321281
41.2919157851882
73.2158172910269
52.0641718185504
51.6914391159321
59.5643581914152
39.2039832367778
80.7192368691738
70.2114203023039
60.2503849106082
60.511579786225
46.6276519573224
48.4834215736076
52.2822700609552
53.5948245146975
88.3047749030228
88.9757594574918
73.6792161698306
49.4492339131928
78.0179439313375
55.5808193057465
75.4093873649158
62.5040262727657
66.7139003667405
53.5702865903503
86.2356414241185
64.5101940637832
65.8025910284535
50.4919760340504
56.5396880080574
47.3859408496845
37.251225255086
74.583480315633
45.0708091272246
59.6617960528207
85.5242161647048
56.6014328607368
63.2711787459344
67.7210893515653
60.2091635717697
63.8867684092781
64.2247043128433
64.4821418422161
71.9978109402726
67.6849518806381
68.5481346034386
67.352574704033
68.7441768723132
68.1381596748292
69.1472237205067
67.8017714451443
68.0149986144202
69.1530975808826
66.8805845865073
68.8293292858306
68.7063170724297
66.2464703724693
67.9290778081462
67.3525202878977
67.5552626922501
66.9132382686368
67.0710135016355
67.7533465639061
65.8054064671491
67.2416241369051
66.8045566302701
64.8416029228841
66.9148610153116
66.7502683792081
65.5590677659667
66.8378243255755
66.6870917681066
67.227303788845
66.5903369737351
66.4020627117488
65.577269440173
68.2843633991163
67.1524776747475
66.6934584047824
67.2488099279779
67.7097710421156
66.0199418587491
66.0895674913442
67.606538431232
65.880510261952
65.7519080161768
64.4046422067016
63.9100490766881
63.4129611798573
64.6199211322743
67.220569386085
66.4126710662655
65.2677063028196
66.7459850034148
66.2115774715753
65.7972124500102
65.0706179080569
63.3438825167143
64.6624420519326
65.8122234532304
63.737279719823
62.1085329741715
60.836597809705
59.8512915717618
70.2757243362288
64.2587765284247
66.0352945763993
63.898360557162
70.6047002872641
68.0347474641456
70.1694079653892
63.1117164298238
62.2894417127826
66.894061731234
66.0602499155308
69.8960373566098
69.9642095878095
70.5460609984688
59.95829700987
56.4142359254107
69.6935610842613
69.6268050709006
76.5581866543572
65.7894981844703
68.6601806782957
67.3416324959698
66.856270071153
67.7771375634732
67.9968640564977
66.7798795722976
69.1473166005843
65.9455896997648
64.8314503158133
67.9706408714664
66.0282601663189
67.2547090612045
67.5627575490561
68.7099467486145
66.1459299478972
66.1891895004889
65.2330479079818
67.826152908852
66.8877352784282
64.6642105992031
69.0644237377367
66.7584310592561
63.9975659966879
66.8067374577753
65.2849754368493
65.4134142451297
65.8639881098433
74.3417464865091
66.3056552801882
65.8806824152828
65.9253350541857
65.9442109130529
64.6121967114668
66.6115922834086
66.53523281933
67.6245405445568
66.1283108353287
66.7790120996615
68.2485626470533
65.2632298481214
66.9299952004418
63.4279473295597
65.0861471894356
83.560107905548
76.107593402607
62.3349149234822
83.4404200407105
72.175278189193
100.329790888695
63.8612747327792
67.4977022096511
65.3607540665229
55.0458605552087
72.9098535525323
77.5641031256395
109.764759813725
60.804463794408
78.8579694141612
43.9514479255331
82.0960681342393
47.8673486589051
62.244412499158
57.1488849260054
82.3651373990577
62.3364603265408
45.3077745726507
66.8412062518488
50.0638516168352
61.9866792361794
67.1066585645481
65.0281127307558
101.278223242281
84.7766712169883
59.5299180204619
72.0646594349852
71.5898757684309
70.5330713792476
81.475410714923
69.1825501621941
78.9897704412346
73.8292877267961
80.1126927014399
56.2117702923697
75.5032187002541
99.4317010476819
60.0917998808378
89.8233960920385
65.5861715359582
54.9279087506768
94.439583680562
74.1860591133423
63.9637722372714
83.2119992972343
56.8048885137692
58.3698718962828
68.431924066149
112.086990599724
93.3751246170471
54.9966645580442
53.5962305162908
73.9199969384517
57.2697560122246
82.729783098202
66.4945544142829
94.3577287627823
54.7249938955753
61.8769058219645
86.5130022908826
80.4321190726799
54.2664076936284
56.2098500039152
56.9139129031822
55.5616857922102
84.9428079764245
60.8294670316777
61.4097440811779
63.060944129351
64.3973081991381
65.5806549314386
66.5729400774061
67.4481611800892
68.0303961622078
68.9855649018493
67.4227475425721
67.5642032162516
68.5488775215049
67.6494451931994
67.7971019646635
67.4793154715561
67.2989629551319
67.0877902826253
66.7250875452907
66.753665727091
66.5303792868435
66.3531209807952
66.1531058237229
66.0102495544305
65.8809716811771
65.6602109007631
65.6626251523878
65.5414649563403
65.445621063606
65.371892765494
65.3040146294732
63.219296926458
65.2458464112142
65.0601176427518
65.3228193734223
65.1460699866799
65.117455400765
65.1298595598808
65.4220268687752
65.7939620837527
63.4623319790629
65.5794908862725
64.4520607954048
64.8798824221472
64.9485140355859
66.0975968309556
67.9783042459555
62.1059021661352
67.0544493168741
64.6896248369173
65.5363303336381
65.7880048019776
65.9716037003753
68.6439272965838
63.2370093765382
67.6049683382163
64.8767314261922
66.5819802739359
66.4921195061826
63.2946365635934
65.231782697295
66.735728629849
66.2867408975881
65.13413869537
66.1822499264961
65.4961959657257
63.3409043124728
64.6578590014223
65.7120870744429
65.1538296114846
64.8394268857646
65.1421184599833
64.8687780762146
63.1073286432685
63.7704109697622
65.6373580425594
64.7080373067805
64.799103687413
64.9077881774237
62.8366043176764
65.0926096101288
64.3376618779629
65.6075871663165
64.9476223201818
64.9972797318207
64.9149496014061
64.6308574209378
65.0520970571838
65.2893129286984
65.5311262459335
65.7257825674964
65.9094567301759
66.2347253271443
66.6850519332782
67.1637250759678
67.5707557682533
67.7472117551438
67.7862629058582
67.8580881586561
67.7845077025325
67.5476813801054
67.2866847823137
66.967342556916
66.5580553459274
66.1560174899556
65.933635194254
65.8923754315484
65.9190349188831
65.9831854818742
65.9568871964141
65.8608613700424
65.7321729789489
65.7581401253038
65.8280882094608
65.8905121489135
65.9178242812861
65.983075701095
66.0396140535249
66.1344557647948
66.0956688120352
66.0508554267644
66.0186186401822
66.0672273605789
66.2444868293569
66.3958963499696
66.4977168834427
66.5355885460534
66.6505737036925
66.7416175457929
66.8647634088018
66.9618791641822
67.0754843617044
67.196426220836
67.2034701012222
67.3416240639073
67.4359769158533
67.4586766416904
67.3587330756666
67.4341954749733
67.5013688518483
67.4846341288873
67.4481718497506
67.3947213335018
67.3388900542917
67.2125431794382
67.2743320626537
67.3815197741298
67.6681673432011
67.8582836943602
68.1244467712965
68.2751389131742
68.4045972062907
68.4773846146856
68.6379798906664
68.8942717124773
69.1810738082478
69.3656618247639
69.4136834732012
69.4616930999465
69.465278452075
69.4311002704334
69.3827827414312
69.2974823068322
69.2151671418298
69.0818444560548
68.7565156766033
68.4779816005053
68.2709112834283
68.1987322304939
68.3061509538013
68.467927031724
68.5634748257617
68.7151913564643
68.9484543824564
69.2353688382212
69.4000373447032
69.5084055796594
69.63442597865
69.6541462942772
69.7864412224612
69.9869000146834
70.0974370765509
70.2804178930619
70.4282307233421
70.374047293426
70.1585300223084
69.8570610559031
69.6511876386106
69.3973925449461
69.2554143764676
69.0472497844802
68.7467505368111
68.460034518399
67.9639331054024
67.4520668881194
66.705106047916
66.4245800014069
65.880661303852
64.8427636401358
64.6056462347961
63.7873452307634
63.3600873968609
62.918735901731
63.0268875046889
62.3404922722761
61.8042451447909
61.6544561051118
61.3502814269371
61.1909695229508
60.978173691894
60.6804453123923
60.8073450560114
60.5558993649858
60.8016517436762
60.532036255754
60.6390197372965
60.6869532386388
60.5342798759918
61.0251817953578
60.9919420847683
61.1338636552002
61.04449141608
61.0826640266412
61.2692992443237
61.2269927668715
61.5400717529328
61.591118186232
61.6154165406771
61.3926636577938
61.7381760314589
61.8816593157222
62.1690341087689
62.2292000367869
62.5536876802294
62.8376824484976
63.0508472495891
63.2473206417112
63.2092465077447
63.2136939280935
63.1627114508727
63.1743398709223
63.1714443025698
63.142511336834
63.1233001992875
63.0515525224376
62.9881611440384
62.7920362608383
62.7691133742786
62.6537814334998
62.556963536357
62.52952936201
62.4733644061155
62.4857241308683
62.5512251934796
62.6289017711154
62.5446539914021
62.6392393936601
62.5627260213753
62.4713059349258
62.3854133247102
62.263480053615
62.2060556820678
62.1012708400203
62.0945149252094
62.1789026932934
62.1743775435955
62.2713898361196
62.3474277932452
62.4918210752394
62.6390929891169
62.8073002855153
62.9813156673468
63.1331879570929
63.324836148261
63.4372878316928
63.5615553317762
63.7477918404373
63.8318864932933
63.8902728337913
63.9816023794071
63.950797674735
63.9247193483859
63.9819873988679
64.0613688066983
64.1455009509653
64.2113615238573
64.2864013480805
64.3135797385273
64.3056054614547
64.321912603904
64.3671454819091
64.3074471169975
64.2407995553556
64.1631461333113
63.9892786330643
63.981580789687
63.860354858997
63.9678443896855
63.8471718157346
63.8398434543254
63.8028064850817
63.8023698016565
63.7528874591812
63.7667090268269
63.6017928054905
63.6655370423845
63.6193202377769
63.6203349842877
63.6680524115404
63.6186614211631
63.7701603565705
63.8904088933979
64.0885902228074
64.1400305591569
64.1756412173742
64.2121107782818
64.2173225423341
64.2925205852495
64.2732297146861
64.1374051917423
64.3548934560764
64.2981098217592
64.2108403653497
64.1857925672392
64.0742962239036
64.0343220462073
63.9301048003877
63.9433077871614
63.8615056640739
63.9223676346031
63.8612861129633
63.9415777570686
63.7468236991261
63.8263264149487
63.8315245614624
63.8622673592947
63.7981683117963
63.8931726369518
63.8656265179255
63.8000861213832
63.6947416937873
63.7222910645414
63.7884584514135
63.8053026576412
63.6752777131332
63.4450760058202
63.1615661448908
62.8384384322676
62.6412120874591
62.4916574887003
62.1398137420795
61.6606435530955
60.8072331903071
60.2835314123859
59.7204345993611
59.5311310309582
59.1743549100961
59.1351561729234
59.128775105419
59.118693671236
59.1721856895979
59.381501285519
59.626190319162
59.7168713747829
59.927002463958
60.1948852303653
60.5040145507757
60.745377709106
61.0767586243203
61.4123529006539
61.7965657261201
62.1030020237813
62.4298693848033
62.5047233418571
62.6678509746245
62.6743071488477
62.8577976744467
62.651584069814
62.5789581527168
62.3653928221616
62.3196856609798
62.2244132354793
61.9840052064542
61.7504464374666
61.5957920483979
61.3717469236765
61.1604836541775
60.9885308069198
60.7348844751328
60.6285726288921
60.3975725937536
60.4532104193684
60.2929022043812
60.165002102038
59.5817226647965
60.0533735737351
59.883559119875
59.720780635214
59.6382444064497
59.6858711351574
59.594547945985
59.3880256894784
59.649236731306
59.650651120567
59.5403123600704
59.4601206621275
59.409912211222
59.5008345866018
59.8419226341839
60.1065077210668
60.2805746449123
60.5560460886966
60.9578671156224
61.246636675618
61.6756656003449
62.1747074379347
62.6482377917599
63.0145429546504
63.4753996948219
63.7880962491748
63.9892478292812
64.1709397314632
64.1776836912547
64.2301714660974
64.2825194722491
64.357844379536
64.5922045931344
64.6515827639125
64.8623626156998
65.0130248799436
65.1464937231957
65.4968238902382
65.6264303249324
65.8665922569563
66.0872671695676
66.1115091415369
66.1521447195786
66.1399783231319
66.1551966327134
66.2015624027504
66.3199336147152
66.3966338945382
66.3756577475602
66.2698053581463
65.8026881192734
65.4184361570801
65.2622003635
64.9941015776654
64.7256871235954
64.4243297967515
64.4009547367183
64.2809874839616
64.2652863541351
64.2742961163543
64.2647784467102
64.4972953652994
64.2868548251783
65.0153398303201
64.1657869694079
63.7173006161481
63.587259982547
63.426130522077
63.3179802928893
63.1038331229559
63.5718600427318
62.8251521224105
62.7658668267462
62.7429838400571
62.8014769286838
62.4985532137694
62.5081213939577
62.0348382377748
61.968931905367
62.052852673786
61.9255301771934
61.457240432265
61.5791811078489
61.5382475279351
60.8842352131631
61.0079511149039
60.8216847128032
60.4457404565962
60.37683686144
60.0081579472091
59.9363753222166
59.5798610428899
59.2839920186196
59.0923413841855
59.1673536379327
59.4190528379787
59.2001604119568
59.1316458287721
59.1077109451135
58.8576803808144
58.6493524651111
58.603232742415
58.7456003141047
58.6729920858253
58.447389467495
57.9787808999606
58.8597247681966
57.3766916702649
57.4509356886817
57.5130757520492
57.6290347880801
56.8802887067755
57.9715385048359
58.0897731063725
58.2498638494232
58.4829525498978
58.5738840129042
58.7160063332546
59.1255321055506
59.073244204299
59.3295696930892
59.4119226052696
59.6909423001756
60.0019380897207
60.1580254398596
60.3338267127987
60.3139856166761
60.3662973232713
60.1244472201625
60.3004605697323
60.471328866401
60.0969162545731
60.1649286340538
59.86619605836
59.7016613483229
59.3424099058117
59.4528998963053
59.2773690858318
59.4265192422706
59.0388474234104
59.2334320330358
59.1381859760269
59.2998027936998
59.3768176725025
59.3657587742386
59.8492940417266
59.9382426841764
60.1624624360189
60.2483886197419
59.9636196764673
60.6542249667402
60.6938886241546
60.7519359520525
60.5736498458614
60.6298570615019
60.4057823372274
60.7586135873403
59.9815608405937
61.1291721616008
60.9816839377244
61.1336689207995
61.5573643276679
61.7878764318821
62.1351755500182
62.6362061835836
62.7421780174682
64.0426849021437
63.0155813220101
63.6634693979963
63.7348487767116
63.8521825701087
64.1263108965802
64.3413475527134
65.1402436901561
64.5366952570246
64.7599089920654
64.4981360060958
64.8192971528662
64.9035360899199
64.8025521082009
64.6274421823231
65.0400717538141
65.1868486871323
64.9697493910634
65.4846316854502
65.2377699131114
64.6875606471226
65.2607101616964
65.285474274965
65.3834372260093
65.3193284408931
65.3056120987045
65.4447029978062
65.0601097396195
65.0586071792825
65.3089708992755
64.9205448278155
65.2241804483732
65.0343879128315
65.0299997873837
63.1664424946098
65.0333302279167
64.2358519122398
65.0100840080905
65.0690988051762
64.9279259188562
64.815094170046
63.9089027998261
64.98984345124
64.9027456583041
64.9336244030633
64.711296066088
65.5505700199509
64.8310117383683
64.641745322644
65.1290601744958
64.6587425880517
64.9053106972504
64.714774628108
64.6994351582316
64.6735784328237
65.2581299997461
64.7806729458515
64.4418747067185
64.7425850747256
64.5449786049159
64.5837342849785
64.8323994537092
64.2927614177821
63.8464517408715
63.9755745738963
63.8810753662156
64.6046082661399
64.6094714796975
64.313552193606
63.8564797610172
63.632542912567
63.5241355196247
64.2963636195958
64.383618304707
64.2100807368966
64.8045199222148
63.5842229361673
63.4716428290461
65.1355628454165
64.7821016084544
63.9400085844001
64.8972596584433
64.6093831480514
63.7919573987551
62.9322354202198
65.0308055109983
64.2481378503685
63.9497561832455
64.4107644986473
61.5554395646891
63.4708690919725
57.9170254254088
66.7361089570338
63.1740028018076
62.4637128066322
64.229726533691
64.5556973670033
65.8223505445422
60.423570756801
63.453758753317
63.220814506256
64.8059752794926
63.4066352122438
64.5868889128666
66.0267159766658
62.1021177248056
65.5069415615536
62.6532957137923
65.224571010774
64.3397307014554
64.4754806726715
64.0364873271408
62.8198100148245
64.7765967425073
61.5266551732968
64.8223189425802
64.2090727080618
62.9395286014894
64.4966829251391
63.8603021870739
64.9037341062343
63.8154815276189
64.9567185135801
62.45256623298
64.1084904090658
64.0671390703637
64.1441188188688
62.5221121297026
64.5945547769082
63.6663505024426
63.6558208203302
64.1430259167458
64.1681104296448
62.7768217598655
64.2155428125864
64.2749013254789
64.0344777331817
62.0709088304099
64.379607094564
64.0208411371526
64.8513781786834
64.0552349821155
64.9964118712659
64.2190698692712
64.7254506564836
65.4393131248706
64.3295880936127
64.3538213888438
62.93876766741
64.701021176526
65.4835305700881
65.048359616253
62.5947672711681
64.5541826587091
64.3706064413815
63.9208212713442
63.7990508945558
63.7717519591666
64.5835565482018
63.9669285150304
64.1068676074228
65.2333521730639
65.4987951713866
63.0445421501324
60.4254381476089
64.6471901348922
64.4293260776689
64.3276057976699
62.8465932479114
63.7695840543713
63.1639702929756
65.0332202899476
63.3376126854735
65.0151920079771
64.6571368159869
67.3695962904952
62.7625169374927
63.8375946345549
64.6156860865772
63.4564980830704
63.0752245921926
65.3045989234621
64.6647570197081
64.7460478947487
65.4813313732654
65.9343355533692
65.7979830244648
64.9727296447124
64.4738296991716
64.1015513961323
63.4277033941416
65.7623449444405
63.2204078334077
65.2094805637345
65.3185685036884
63.7822015726597
64.3224055763544
61.4849832768317
65.9831448754159
64.7315806920122
72.3987308468692
62.2832863621127
63.3963250459811
65.0549788475063
65.0674434856095
66.8265405950556
65.7816472133046
66.2200116550032
65.1048843718946
65.9863132938922
66.6632963181976
65.3822033739891
63.8356235294399
63.990005070983
68.1354164492834
65.5969556889136
65.4132258299256
64.1798131687637
67.6079824701759
64.7219575258802
66.1965585330069
58.7551081774362
64.2887267968797
77.0511139300878
60.6310507586411
63.687634828678
63.6555512746025
82.812068345086
62.4090359215104
60.5953220781451
67.1973479234743
69.3763936832628
62.9265029899079
61.8316679135393
72.539311427817
74.1246089048087
71.7070750403522
61.9743492582898
61.7016198426781
64.2758620661311
60.3119191152442
57.775274332277
75.0513393370608
64.0926666670012
82.7563899302781
66.9110845689693
63.7025653351358
66.5013226517867
73.7059623702975
70.8182767491675
73.539391563669
61.5365393974323
58.2563861519729
62.8309307037749
64.68047075092
101.218810887878
63.5039088804701
44.9260462744469
62.9166265079853
64.1196217187997
63.6754185024287
76.6852424209977
58.1554342215373
49.3621278012504
54.2827547013907
63.2255738053495
62.9395173410341
68.8824957186609
62.6017959466528
44.0273527310967
60.6247917219192
73.3139067297133
80.4160187787956
43.9524366484123
90.2529871539305
69.8246814502913
61.095219921676
76.3362842348446
90.381358542014
78.9638233755095
44.6760852746957
81.5262027018427
81.4289613202728
68.6909158861118
53.7321201806369
46.3765615783748
112.586164276861
104.646651099181
82.5463619790783
47.3481080642928
35.1549082167533
66.5350957205446
58.2972459830413
73.3396975274096
39.0794182474945
52.568659213341
73.5279137193879
78.9813113459287
53.1575282622798
55.0962693266969
59.5464847312804
65.8998820162089
35.2328580126493
84.9391764409353
72.5960434034547
62.5958900575972
81.5686567597482
66.5514634933682
69.3231509728045
75.1219982055431
64.9347933122731
62.1092155064052
61.1307918000747
78.0767368412024
85.3493541018327
96.6852210349613
39.1915669437131
105.614580837188
40.0764739589971
72.5212227863486
61.1674818404579
83.8461138611981
54.761949466869
45.0346887385179
83.5686656020467
64.6693391267714
57.8185294856385
56.3093584660726
39.112800452958
52.4083847079608
39.2471576761719
63.775362579054
53.9542972465752
97.2288234153975
67.4900621210989
44.9151479957741
45.1643469607748
76.5111642897863
38.8526892257958
85.693227076988
42.3757823038306
56.8354592149026
66.4539242835538
60.4754614755363
53.8233253691706
80.2137580185501
47.0717239046323
54.5604394861864
59.2997936849197
57.2220384009344
64.7388078588824
68.9666134118303
62.5915621985291
83.5973985506007
63.3529759868414
57.3823507585771
58.1224100551283
89.3580828542419
57.704401644345
53.0400409519307
43.9122848673354
49.5314626337853
48.3543268043718
56.9306663616945
59.5229664879952
86.0284795237752
71.3624155574306
80.7734282260831
41.8543870704189
35.9322606616125
55.8314396153718
50.9763861242845
91.0837143894822
51.5108109092869
45.5605754091027
58.488873908926
56.0031197700079
56.3033055038721
54.9018462077775
102.495179524157
67.2105439389976
76.9017962177717
55.3543896973619
75.4406638794555
86.9349156072934
39.6177619214183
46.2202765750088
31.3980070317549
66.2883877470733
47.2410467683146
47.2163396330868
49.5977329048265
55.5207184767859
61.1601753655269
62.3584841882396
57.8028553405188
60.1556792487672
58.9844778384952
54.5642873051499
67.2791117456142
66.9216146810668
75.5131060712214
56.925712152189
63.9726697044168
63.3106142700247
72.8048138142609
79.1127252549705
65.3203744410309
65.9685727481291
71.2758836346441
63.1982895038815
62.3711041750996
66.3264733833068
67.0230782105368
66.5822413388015
67.487265403981
64.9674018260296
66.9562963659755
66.8115494903132
66.0462897647367
67.4802516644365
66.149553209154
68.959147545425
67.3166410193488
67.3666767906974
67.3552561557319
67.8127086045177
68.7363955763911
67.5141884597814
69.6968330628735
69.6819273509874
69.444359970277
70.6898062229517
71.2770108770716
72.3856956296257
72.2250444687319
72.4807640311626
72.0011821266123
73.4298720373492
71.6487716750466
73.5065610263724
73.2049981547248
72.8205359883955
72.7911128049914
72.3928205733987
72.6520254541171
71.9031377504982
67.9443258826655
71.0034664754199
70.8874428041121
71.1933653776641
71.1043784690236
70.4814008689268
70.2441833560394
69.8251685859973
68.7440257021798
70.0011171647574
69.6375665326229
70.0405403638941
68.3298385598933
70.0246466775593
68.9875494900267
69.1312980777393
68.297283473622
68.9270539823441
68.3497906734648
67.8805965650961
67.8753499567893
67.7184455901339
67.3398698978973
66.8141212883648
66.7792291365718
66.8820597966658
65.4018548656284
66.6377560367187
66.3367829251735
66.5326817583273
67.1930323356363
66.0816986431123
67.3643869929791
67.777971962316
68.1796977550345
68.6578721815972
69.3635875942133
69.4204986487112
69.8921115984633
70.1030127378386
68.2875594148463
70.7046815302891
70.0762906314555
70.4509017983175
71.7708019599672
71.2787729987765
71.7413799637251
69.8223617016261
72.2038811931702
71.5224185104387
71.7206648823939
71.8093869780667
72.1633449271894
71.0734350149411
72.159313444335
71.8197111870664
72.1543804132915
71.3797453398081
71.7357020557625
71.7665533502633
72.1248177520208
71.8137751773712
71.2227213185294
70.8576728865828
69.6480400944055
70.2811366935961
69.8514891555215
70.7417870211466
69.9579773758503
68.0353019181621
69.3977748455875
69.6100017187192
68.9761470678837
69.171629159116
68.3994565581732
67.6277449688146
68.1304188560871
67.3510927168061
67.6038576054905
67.0409456405485
67.0651380073062
66.7512851914868
66.6831081392088
66.6714838999447
66.5045761585704
66.2878204906545
66.104884072957
65.9367944038865
65.3255731334139
65.856096023909
65.4563195667577
65.6052478395947
65.3483562203305
64.4704135404783
65.0722097701696
65.1325449056025
65.0332940245569
64.803996667469
65.5204622864572
63.8189999976139
63.7366807342384
63.3390705724899
63.6527672742633
63.2253268126861
64.1668845789708
64.0898237506161
64.7890751523568
63.7895684876442
64.4363785912685
63.7858244791231
64.4927516093787
63.756005621383
63.2053657816006
63.3175401742786
63.1193816218534
62.6930881772202
63.6049606241519
63.14466988915
62.9974677301169
62.7752608741862
63.1674713271191
63.187326541711
63.1824558614656
62.3929260182452
62.9275948170249
62.628793740161
62.3273098284644
61.7912608740478
62.1486474273912
61.8272838486224
61.7949374078764
61.3949017103727
61.7959723066846
61.7491748317372
61.960108533325
62.0542515197743
61.9780881106244
61.8246941551735
61.8102619992276
62.5869041986091
62.8427251690154
63.3990962357629
64.314403266253
65.3160555269465
65.1373023163413
66.3491213824113
65.5720807768593
67.1944933397834
67.7528643515594
68.2097708351492
68.573283248382
68.7311758569059
68.7948678209464
69.0883998405587
68.9963079315859
69.2216934374289
68.7761060809339
68.2753793638057
68.6433415971975
68.3254403059428
68.1098697162816
68.0103902792167
67.9212165142323
68.2113442187101
68.5557157106542
68.7350908679296
68.6798580082727
69.0446793857259
69.3405688772119
69.6778777515842
69.9612761205692
70.3769000064981
70.015871807207
70.0866259121919
69.4864900191051
69.6996239238746
69.447651646434
69.4414888748197
69.1678265965812
68.6361374786352
68.6732210664963
68.3253290556738
68.2478637191014
67.7519894635724
68.1023568409038
68.0970179208173
68.0090658722519
67.5803270080606
67.0904552765499
66.743418525041
66.3203983368836
65.9336935311096
65.9905686315849
65.3741389512894
65.0699468107445
65.0193504626859
64.7714333042866
64.4693356476134
64.0940456456077
64.0146221006065
63.7130164049291
63.3189102917097
63.9131592363077
63.8453846856321
63.9840165391475
64.1764159499096
64.2630212205893
64.3661563669421
64.3802496228694
64.3836323904623
64.1969864953516
64.0699247650568
63.8040269470946
64.1573056566867
64.0248679980543
63.7113655043766
63.9475529841056
63.9715628228941
63.8386468941585
63.7724178169333
63.7493873787286
63.800986018012
63.8571921783351
63.7792208635509
63.7800644871902
63.8218202821941
63.8239428884133
64.2096155320769
64.1261355059054
64.0263189565708
63.8046078537586
63.6417161129074
63.2129433650536
63.0084279956492
62.4539045038314
62.0354047750432
61.9939687683618
61.6798867092561
61.5226395420523
61.2856637274943
61.0141770738557
60.9070713674678
60.5841674861762
60.4931857112686
60.188272376144
60.1272793879315
60.0210958757285
59.6856952295231
59.6707785616293
59.620075503444
59.5647362483958
59.6927135800315
59.8608723186556
60.1211510900954
60.3256045828975
60.6126729802227
60.4136024237962
60.1424523776057
60.0201038704985
59.8580364059426
59.780067322252
59.6387524109493
59.5220429041787
59.5196186190663
59.5691244471883
59.392752392373
59.393040967243
59.366638652323
59.453750819557
59.7282534991513
59.9160880946406
59.8506133913613
60.0914261388609
60.4616751144124
60.6190235819903
61.0694480815051
61.5027509941732
61.822644785772
62.1872000564487
62.6644203742741
63.2294481937522
63.7150282303527
64.1638975678568
64.7172721459141
65.036962613082
65.2814967775332
64.8933185290874
64.9837194296684
64.7942002238694
64.4100890843331
63.8963661447793
63.5054455982281
63.1387934164637
62.8913943891741
62.6030421427173
62.3687384013871
62.4075997353081
62.6153371063458
62.936205514684
63.3084061541246
63.5360324897052
63.7749480148449
64.1585361837273
64.7630095389296
65.2994419440964
65.6852015771843
66.0201736966495
66.2472792232286
66.4352988670819
66.492251895463
66.5864350968083
66.6274264169365
66.728747815259
66.8382209011248
66.9912017076182
67.1893270819586
67.3883998052613
67.6674745802939
68.0095207186551
68.4832924761538
68.7021988179386
68.9996241521812
69.1512109317515
69.4394638587969
69.6428634294409
69.813887925578
69.952793372117
70.0037122859413
70.1015302782244
70.0514929299057
70.038043255023
70.1791885244801
70.2931496351311
70.3094132739989
70.3740702514779
70.383919570522
70.2788650303262
70.3199094608233
70.2348721201175
70.2256719372427
70.29064960472
70.355969080584
70.4665171974542
70.5000244646461
70.5790444949443
70.5311194432198
70.5599386662652
70.518659632589
70.4727081848633
70.4231445784303
70.3099529812858
70.121222299808
69.9128076768086
69.7030230856093
69.4929824711495
69.3591990557543
69.3809032205619
69.2487239828887
69.056152384404
68.8063749318752
68.6379299025799
68.4532980962163
68.0778538731838
67.8444276283044
67.6365419312816
67.4103454000772
67.3066698578208
67.0879862868897
66.8427355300943
66.6792573257387
66.4604975213631
66.1149050845972
66.1376671752152
66.0672557140227
65.9032816713528
65.7491334156903
65.5560850337648
65.4699402469544
65.3330412179944
65.1901667365412
64.8713065369574
64.6977884622984
64.5576306970092
64.5429381531066
64.4890438693259
64.3608418133549
64.159321361497
64.0455656231088
64.3899023115849
64.4791598647349
64.6566224162595
64.7185489259516
64.7627387112193
65.0483814350028
65.0644151978058
65.3404276032905
65.4551473527655
65.4879119323107
65.566968729561
65.5995808165951
65.6728347014712
65.8727872106645
66.1451460952502
66.4374289850009
66.7157394448438
66.9211985017679
66.9551905422055
67.1988583612887
66.9997053940742
66.9093539785579
66.578318277123
66.5144898574152
66.0280432507442
66.0219211901334
65.6372334006431
65.3712963612347
65.0242251926875
65.0412434514678
64.7946736785421
64.5109262564752
64.4585730680298
64.3833391623477
64.4774957094807
64.3609566216592
64.3625004458795
64.3427492111945
64.3160571361316
64.2029368423242
64.3094423241
64.2869526454347
64.2721867952485
64.4127891016129
64.4724287615778
64.6345144228493
64.6270511407049
64.8138305066248
64.9375478541315
65.2168500206631
65.4134835190653
65.5795854836892
65.748669282791
66.0177187419368
66.0446986351099
66.2563407651641
66.2833377079656
66.3365133924938
66.3268397324728
66.2936846828785
66.2204355251927
66.2972798955276
66.3838503257141
66.4073354353433
66.4356106650672
66.4961098027145
66.5097576728789
66.4415186718216
66.3323193955579
66.3472640707127
66.1196175169798
66.0256657045007
65.8994164325365
65.6554676959807
65.5596630159882
65.3832954881219
65.2099226506489
64.9971535544371
64.861332634738
64.7556409554591
64.5807958093488
64.5895360840628
64.572522957472
64.4415316518113
64.367923169857
64.2813153433135
64.4315279509252
64.3160339583021
64.4149692292812
64.4378234524792
64.4729903733696
64.4874718852383
64.249395097984
64.410861718738
64.3984478847383
64.3078799569632
64.3412212274837
64.1967689927211
64.0494877170123
64.1057871112595
63.9493386086365
64.0303640697113
64.0489183237119
63.9714657110521
63.9754080935204
63.8588209433423
64.0060811565477
64.1169057230535
64.1665616565281
64.4151501762652
64.4934991200489
64.5444861573313
64.6002484187016
64.7072377346677
64.7649243614081
64.7583441180947
64.8486955441113
64.8704105959706
64.7563244657433
64.7378161368326
64.7014665158196
64.5701735122004
64.7455685437584
64.6106305644224
64.3661215503703
64.5245945075158
64.2019485716654
64.3816842527772
64.3514871574098
64.3099520617144
64.2996279912882
64.2699378444612
64.2150588266052
63.8485750056316
64.4045717940903
64.260208767014
64.3927414508216
64.2997357807957
64.321809329527
64.3468873786712
64.2033149913641
64.170811223948
64.1811847501391
64.1656242481609
64.3445099028184
64.2556699588398
64.2079550533849
64.3342900817228
64.3261430620103
64.4147615939636
64.3575972298709
64.4435297767457
64.4355171515902
64.481609716801
64.5254233829865
64.6612280064956
64.7300452670574
64.4035012304192
64.569291769231
64.5520218221945
64.5320674524156
64.5560925783153
64.5732257508304
64.4158141489629
64.0588540219398
64.2584414823925
64.4569634237416
64.4623174442513
64.5809826560358
64.3909826618232
64.4502901165483
64.3876487710647
64.4433928237491
64.5071868413015
64.5117096649902
64.5368037930404
64.5493250904169
64.6412553477073
64.5956407514614
64.7671334604076
64.5088711132152
64.6121696481961
64.8528682021721
64.7725528988565
64.7610013122162
64.9260437249302
64.8839866939475
64.7758627950313
64.8179739808266
64.8473876596142
64.7186674153623
64.6262950990343
64.7621184056927
64.6443825091064
64.5535360806252
64.6157580497137
64.6392033006301
64.764080716365
64.7430536162645
64.8849771415552
64.9686575386273
65.0970965972706
65.1278621199946
65.3921692800875
65.6398025931392
65.7884547107232
65.9501489805153
66.0970463093109
66.3308828308238
66.4153468064029
66.6179662090937
66.7730769091207
67.021675158254
67.1788343513564
67.2982137750603
67.3272519110241
67.5483397915818
67.6820035741343
67.620003237244
67.600360911979
67.5838889948014
67.4310296593699
67.2017440352294
67.0554606577103
67.0472554824886
66.8680836259978
66.8714977651228
66.7675892060674
66.6087197128754
66.4005108345103
66.2860363864341
66.2473357163257
66.2681704163297
66.3315855760326
66.2230573719165
66.1899044326874
66.1492915339793
66.0858953891762
66.0247235726008
66.065090258514
66.1021214366449
66.0127570052423
65.8780009079089
65.9319080894233
65.8723735846394
65.9515430422499
65.9378647032153
65.9618165653157
65.7705224965445
65.8242657519467
65.8245525136617
65.8556903684026
66.0625219994204
66.2442719020519
66.0231749438295
66.4329150504109
66.431020195626
66.2815470289481
66.3267977695926
66.2963549298478
66.1283739950267
66.0406969667075
66.0247183282716
65.8375084084853
65.9781991660814
65.5823327864264
65.3632700686397
64.9392029702124
65.1920928292992
64.9436313259063
64.8434725364802
64.8709896116
64.5413781780381
64.7017507411969
64.3533602196919
64.6672132333015
64.6606483506424
64.604276519595
64.5314330929955
64.5010715554939
64.1851186362006
64.3996125903218
64.4443860517916
64.7309514869445
64.2879035040767
64.4391910447289
64.4124015518388
64.4979956517372
64.3720564497537
64.3173370804552
64.363098562842
64.3781748055437
64.4525660517871
64.3801150468497
64.3704213941373
64.3351454645117
64.3152885453171
64.3138743508286
64.5110309809433
64.0998046119696
64.0811446028954
64.2955049205625
63.7571789649752
64.0469076239864
63.7632397968933
63.7229153213935
63.3293014318711
63.6011146126099
63.4673728944557
63.3309269659999
63.3560196239544
63.438151010587
63.044782337044
63.4927042413981
63.5662798624103
63.1971656541238
63.4847389483591
63.8064073727873
63.197356625267
64.1125326625022
64.0307511216095
63.8304169901468
64.1423530698553
64.0475291811628
64.2331298709849
64.2624878036896
64.2545594804296
64.1087695725238
64.6295696289409
64.4372371195441
64.4558168916585
64.7071067972202
64.3284198490966
64.5093023097101
64.5357426582266
64.7486625315504
64.3823993581895
64.8215187399187
64.7008696444512
64.5073209323155
64.6022962450947
64.581022333621
64.7004293483144
64.8179896960529
64.4355150428175
64.7236847196348
64.6721614354468
64.6881023765272
64.7779944529335
64.68330359911
64.7395441327584
64.7559469187472
64.6314413416957
64.7121298064929
64.7349362473177
64.7172403433052
64.8056003427229
64.7070219454375
64.8942926287785
64.75999073501
64.7497074928803
64.6497834108788
64.8598549390602
64.8847928610831
64.7914214527146
64.8921276830477
64.7801323078538
64.7410078655229
64.8728754917639
64.7949372772999
64.3946029953973
64.5091511358453
64.6634359231946
64.9954948453879
64.7544615871338
64.9007132087283
64.5283399497134
64.7113138337122
64.8783902085294
64.6432414953145
65.1307786623184
64.841012892264
64.8688830114572
64.9691766239044
65.2629431532933
65.1361692587998
64.7095652251698
64.903965272144
65.0821607137829
65.2015258252311
65.2383164432174
65.2091649425951
64.8422311408995
65.2188681384914
65.0562413668548
65.1675625161603
65.2311344061545
65.2214071810319
65.3169309148503
65.189975330511
64.9827373966602
65.0364683515274
64.8137204529662
64.9849116849286
65.2556038640067
64.9774428915457
64.8108257588451
64.719994682383
64.8554503289148
64.3796754561604
64.9510073104194
64.2713854504277
64.3070055408285
64.1468668841524
64.0734850379281
64.2708803570983
63.8847633797728
64.1341369009142
63.8611000237617
63.604959952444
63.7765712415314
63.7483999650561
63.8335898398357
63.7186169083899
63.923286972569
63.7427532124353
64.1408381223225
64.086686120913
63.8955860066382
64.8117042499322
64.7559195650817
64.7898177463653
64.8497499210712
65.2066941161926
64.4484576800104
65.2042635076784
65.2788187194362
65.3531999839431
65.2519575901466
65.4392432824864
65.5608010989334
65.7598572694399
65.9057923833177
66.1279662139239
65.8860424556249
66.2652465140919
66.3983679949056
66.7239578694379
65.9873532447936
66.5762299510463
66.4831257007867
67.2754050405746
67.6624665130329
67.8523863481893
67.7622441856794
68.1044569063106
67.5073592221951
68.125091177683
68.3293684112088
67.8050676608982
68.0512646494625
66.8972061470555
67.9369827035918
67.4863102611847
66.6792485811548
66.6777865464152
66.457699559997
65.4826053856802
64.7417453321405
65.0183058406992
65.465334539497
65.377444364038
65.9163155865341
64.7950116545878
64.7235012058049
65.1820154489215
64.5243101933683
64.7733805571105
63.7712072867327
64.8985868168187
64.0093980295299
64.9963154594186
64.5989796102345
65.169832356086
64.7710473410348
65.0805909181926
65.0303865869117
65.3486128646276
65.4024190724666
64.8286356384428
64.9935286103219
64.9139895370325
64.8361576645181
64.5710402196709
64.8646057682304
64.9290597672981
64.9503021620968
63.4483944016853
64.967467219783
64.7987745370389
64.7289429852389
64.5393151529312
65.4472134145289
64.4235303113414
64.535485252388
65.0002943078112
64.4770509274925
64.9219478723916
64.5448417574636
62.9582660562694
64.7860993973478
64.55804851321
65.1096238730754
65.4376976874138
64.6673475395341
65.2512530066182
64.8331114001939
64.8482571002379
64.4674075655974
64.4884609346469
65.0021622257251
64.8713738075139
65.1826505826437
62.0982362606503
64.9815654892634
62.6123764291713
63.7427155660547
64.796468853134
64.2176554383911
64.0397370927711
64.2487249466618
64.7624498362921
64.5775140440954
65.450920875589
64.2918386556802
64.3915530836853
64.9827111289449
63.503922737705
64.2826644835923
65.0775146455153
64.9968881545635
65.0343360095423
63.7209943628367
64.5555467400349
65.2500913244941
64.6729981037783
65.0418727464405
65.2092664710399
64.946351543927
64.9531755240233
64.1566402854529
63.8611059551993
64.8918224156985
64.3053737756167
65.7215487857719
64.9659420049829
65.963534232309
64.5103978164812
63.6698818379529
64.3302879693814
65.5293584268091
65.4996543635699
63.5794917200946
64.3468793836094
65.0540406534247
64.9549113231214
65.0969801291807
64.8567090193634
64.7870200119181
65.0559608218356
64.8766809862016
64.5238659326315
64.5494016334741
64.9416256390525
64.6053606502972
64.807624741218
64.0753237237045
64.6915601003342
65.1915874145789
64.8400401496586
64.1041592316187
63.4108125109279
63.6321088780332
64.2968820760799
64.8254196268783
62.5634813161243
63.5201024201553
66.2628545995471
62.5519653463801
63.7768723760377
62.0602796322782
62.2785201268911
64.4600001170352
65.3086245263555
64.7617376733925
62.6874782924646
65.7944232749894
65.085153058965
64.9626136254791
64.4109669090534
65.0599905871288
65.5924218497959
62.1431956329143
66.0438256218465
64.8013352614486
65.2178965870862
63.6466112816285
65.2546153882106
62.0639159593862
65.1737292841026
59.112158280803
64.8537449839063
66.7334319946542
67.3619613824197
63.9889146967818
61.9613273256129
66.9530508681693
65.0452426684117
65.3812839539895
67.158698435501
65.1883711050893
64.7571533343429
65.9109916576929
64.4551585450268
65.4424921014104
61.2050039896028
61.5588184938458
66.5214871896023
75.4079742851847
64.6035480683395
66.6711293683258
65.3713752822644
62.8714960772643
63.0227037657748
64.0234158977334
64.7081392334775
66.2301228833635
67.6003260124161
67.3696259405789
59.4265170219874
63.9492937227292
65.4061113025899
62.4013012734885
70.1733084598607
63.7866307806767
63.2962965849328
64.9734321628208
64.5870509527123
65.7097076018953
60.9305336255799
76.3962708601566
71.2816813744709
63.157166526232
64.7264291065278
67.8642873664761
62.083290464022
54.7056300462451
64.8579303879468
53.3919185801274
64.3805894810154
59.1141899123334
62.5577866469444
63.1707150340041
66.581332785433
64.0074810902491
63.811217899215
63.2731314848037
59.9244437927578
64.8038279589126
81.7135087095915
61.9160055627272
69.6984700055195
62.4487180423704
71.8933773472613
58.7313627774678
76.5315851329468
61.656358893597
50.3067330702553
103.049267664204
69.9716406393479
47.2980709925919
97.3653124947232
48.4880917811143
69.6861737919056
57.911447357758
74.818811098395
49.7586731744526
82.7360114782083
84.7956396734974
89.549042705595
102.335327551933
86.5764214754524
80.4826153854599
75.5807569851161
98.8955754336102
49.9080880281512
50.5942949487171
107.882430311312
36.4244601142185
76.5759030101682
102.993294536033
96.23770787242
57.5250193336724
46.6074111167447
37.783673487038
76.987314967939
72.6289338011233
41.504415655404
44.1863441465499
63.0935714468471
86.7696738520434
60.3302012706558
56.2032850869605
92.6014253096258
50.4224824141119
58.094844973243
77.3106104424361
38.1987471600546
33.7114243968348
68.0406061149392
59.3319490368323
63.3165211626055
74.327141998652
41.2348030350469
76.5711407462146
47.5984352670127
84.1778333799882
78.3495910045556
49.8445104898295
83.9208062132922
44.9760360869138
78.3687494309827
60.4675280874551
82.2353489328761
59.1767766184103
108.918989263853
55.2501226005194
59.5675269028921
66.2269113444352
63.1059248725246
65.5396846833294
66.3611990983386
64.0113941305138
69.6646453460565
67.9125402680587
68.0689623814539
67.6161488782332
68.3356711128623
67.774531409453
67.8609787755422
67.2049033059357
68.2870886370596
67.8785568977524
67.2925179775716
66.219683766636
67.6196862360208
67.3354200081322
67.0028606188767
66.3616185241544
64.8348826832321
66.2148846162577
67.127027712415
66.2294417878659
65.1065053379296
64.392823623547
66.1484846796227
66.1272851793154
66.3033126107887
66.1536548196921
65.2011737692905
66.047724226569
66.4425562590485
66.6275062655336
66.324491116628
66.0990470544947
65.245715456908
66.974871479611
67.2703773407448
66.6156795260425
67.6120519727535
68.1645935898216
66.1217540872306
66.2281595722707
67.0244674652317
66.285417077035
65.7919996349372
64.9818201227662
62.8907620967022
64.5454053023767
65.1057666774811
66.9605016042848
66.2979086198662
65.6685582526894
66.2894831741843
66.0841381131596
65.9701309992193
66.7827580008267
65.2408386999673
65.5036796581338
65.6724729402163
65.3598786278473
65.944955303233
66.9697298115633
64.9571912496414
69.7143317332207
63.6689168543802
66.1972614983903
64.704333246813
69.6238318934282
67.7190908337085
69.0053608291977
66.0520677036396
64.7486278558509
67.310322002563
66.1206012925657
69.3439691005752
70.2265015491844
68.8088917911054
63.1477564429914
71.4217546410629
66.8014468553115
67.3308032265547
68.2676668251798
68.9464108148013
68.8795446750345
66.2766065930797
67.472500876542
68.1953953041207
68.9330342501274
68.522914410395
69.4457047752549
69.7366025485676
64.6095669121614
67.6073074062993
66.9953627692837
68.5575819762887
67.1137604496004
69.0986775631533
67.8931348640833
67.4980370237431
67.280909226867
68.2476573987219
68.0317546013164
66.9420456749204
67.3262581899527
69.9802923296604
66.3962899443759
67.2563909461278
65.9214254268057
66.3067211662861
69.3535874123849
66.3316906976901
68.0061885932245
64.8580073653007
66.8545298926491
66.9830882310273
65.7942057044949
66.2070209982667
66.5873520460049
67.4477521938387
66.9758406121877
66.3133464025008
67.6288548933678
64.7378071275498
66.830835221439
65.8651907534303
65.2283707186579
66.7627047029996
63.7136384939709
66.3687075644687
78.4103292466809
67.1075216708541
66.6641008947324
67.2914288578582
67.0601148408503
63.7665463683475
66.0706165750764
61.9787236883477
68.7402945538975
80.0043993938524
65.1414146719823
63.8955986391128
67.0242238850272
71.6008548635281
66.6171564374871
68.135740279846
65.9878368627544
80.6301170609685
66.1342078150074
52.1408010874721
69.0648715999641
61.7792855183981
63.0284374096124
69.1707217265309
64.2105633080028
98.3117087820433
87.8931306072978
60.7451345286124
71.8736970760581
69.5781238930943
68.8595223495566
80.1801398475251
70.0415968467975
77.7865183350934
73.9122409855022
80.2794586855129
56.028014455567
74.7619349995777
99.4942677540788
59.0969044815553
89.6669026967278
65.5971243312068
54.8323846221291
94.4642158733405
74.4720567916793
64.5445185679286
81.8595492764577
56.681624168296
58.5414490513982
68.1437837730436
112.328175959257
93.3297923466708
54.5203148408647
53.7307604688677
73.6025473428832
57.2938402207204
82.5087309862614
66.1741684955512
94.1526806688791
54.1336275460692
61.566749640373
86.370261513321
80.6844452472756
54.0602736729217
55.9224586272911
56.8651913773026
55.1867621058927
54.0696706847304
70.9571743511926
49.7417719867795
69.8763761405133
52.1502892173191
62.1061697458819
68.3739083259554
59.7719328773134
71.7159559305179
81.5454040345049
88.6989120165668
65.6927135016825
80.5811942873552
76.2330870491591
75.2066235869007
89.5649612205247
54.1101708785003
75.3666936239148
73.0878300636605
66.0133474780701
57.2368846543292
60.1909286485741
61.1485790668024
63.2592191199804
64.5449919949912
65.832483468828
66.9835165508227
66.7108205073495
67.3883806244816
68.4299369524741
69.5957931131509
68.9493884167375
68.1861202419956
69.1249937402751
68.1572452534477
67.9749109325697
68.584473973993
67.6298575705463
67.364438720108
67.9184747490037
67.006973509583
66.6257391108508
67.3282516784976
66.542235848292
66.1531348117561
66.8040735964666
65.9830332895908
65.8747304423045
66.6887355418684
65.7961146838791
65.6181365227574
66.7579168661274
65.7860432618474
65.3449170731403
66.8136870013174
65.8997483448421
65.1263380296939
66.7143787168977
66.1707229555985
64.3820916427819
67.2243771384032
66.7015307825654
64.0794871043915
67.4865297824749
68.7927669162776
63.0476772314204
69.387497865788
69.8563387955551
63.4899681539903
69.343532629663
70.0955418994127
62.7551924505214
71.2906156611913
71.7585093179182
63.2406700426069
71.4921596081805
71.0814439350065
65.3139325686906
70.8800906638902
70.8445311059997
64.7117494448903
70.3512896316155
69.3593773196772
64.5600451044201
67.0942545660185
67.7694532717222
64.411403607621
66.5506423408923
65.8233887068438
63.4854819967279
66.2034163805109
65.8066159008735
63.9633718020595
65.8624843724763
65.2830830139602
63.9791590613412
65.5089905154182
65.1648943608835
63.9194135244066
65.1737717827401
65.0423173545432
64.3169630356897
65.3140541813783
64.7701601459592
63.9920971159475
65.1698086437572
64.4044534108669
64.3938538725651
64.5805193499115
64.7036614023103
64.5223312357269
65.3149346904368
64.7106048907035
64.8342396083123
63.8373808122733
65.2604246565766
65.136583835435
63.7858063303275
65.2988803047367
65.337012101628
65.1856117498015
65.100049828751
65.0746381601697
64.9947099366235
64.8163010481074
64.8374499601971
64.813045989992
64.9619711515534
64.8792928673338
64.6368526214559
64.5411869860681
64.6360342278688
64.7551848231422
64.7180381686184
64.7198668019747
64.6299261632891
64.2437371637067
64.8093498263746
64.4328517193341
64.5829701200298
64.9206703490928
64.4970684411227
64.4893651852317
64.638533685051
64.9368819478518
64.5757667665197
64.9092503163511
64.7689754486455
64.7712913223445
64.9052010086574
64.7235234663298
64.4813492946454
64.0866495006657
65.0050829368624
64.9840622545251
65.1863033445603
63.8421651742097
64.824008413442
65.5121521382684
65.0243287137237
64.9246940745573
64.808136796008
64.7365292713034
63.9048055633751
64.6959111329039
64.1378789022757
65.2633920563783
64.7415994872308
65.4521291016697
65.3364876175512
65.2001737697892
64.6714597130065
65.263504790817
66.0264482929956
65.727093612346
65.8800134004577
65.7092863801916
65.6025740221694
65.0255163772128
65.1830243233343
64.9213808384018
65.3965491741354
65.3064230328941
65.2873329471225
64.8361418601289
64.6101909042578
64.3434640902349
63.6181023514145
64.3414200659152
64.8573877380546
65.4955587411593
65.2817149184395
64.2451035853854
65.001107235035
64.9377742102486
64.4213295561083
65.0571111572072
62.8849736740067
64.7922504681794
65.8194140520965
64.6884588876094
65.4064415596178
66.1855641821696
64.9298448963075
65.1682554124281
62.7777742645849
65.2891413388954
65.5017776750481
65.3537022585415
65.267182314771
64.5478754264527
65.6404043523567
64.7870712865714
64.2734622392922
64.5694904737791
64.7538376047801
65.8044017813396
64.0739596100029
66.9199430284747
64.1219225895715
64.1311578956507
63.7143272629393
63.8651704145315
65.5244831000486
62.8245784419855
62.0385324410406
63.0385787821193
64.2908745054798
64.2216598399116
63.7669365268281
67.2989570683214
63.3107890760449
64.0714906740182
63.6330923393536
63.5449041767984
63.4946204547756
65.1948495072505
64.1806230613776
61.0169192132092
64.2244285012857
65.4869544180722
64.4856189246045
64.0764841924911
62.5817963567908
64.5763626677962
62.7353534631569
65.8806732590356
75.8671039285958
63.0965311205095
74.6865205107325
63.9909750354312
79.1298924629373
61.4869786929129
62.4829274293183
63.6296884597255
72.5834667770861
62.8691413837023
61.7495411048429
54.2318951684011
53.819526334901
60.1977889716925
63.6419824963797
56.1431557796563
64.2791927927856
46.3002481990858
71.8148266152662
71.6320553334415
79.0115700698478
72.5336287907311
75.3292669180544
81.5900080031985
79.8007796498437
64.3276834845929
68.0420559001396
83.2360183837162
73.2304122034064
36.8746683049661
54.7524679220794
59.7708126520537
87.0078503396338
71.6320556309519
88.2813748129584
60.2883968995453
38.6802442647525
54.2588079103571
68.4203165312071
75.5982512441957
54.2362215018113
87.9244945710221
70.0004179383659
60.8911593075705
48.1911458708017
53.393203117047
54.1915521500131
74.7128422944072
92.3189509402621
56.454572791586
72.4187590244746
32.1716604764394
39.1694506440174
