109.55689754162
69.9090967452198
60.243189449588
75.4675618050276
63.4159814573141
62.6464004980001
69.0825457546105
68.8253941549351
69.6948680899997
69.5636928818367
71.1500043617885
67.1744894055712
67.186130148638
67.3542012166306
69.0114145057373
68.1651680003958
68.4716813723072
68.0708814791758
67.6508024219598
66.8584841773273
66.6815826659186
65.6465714885316
65.1960986583765
66.1198957708091
65.8807219913954
63.7462488669971
63.9149688041097
66.3535040088331
65.9859693740188
63.7300648447291
65.7536880454872
66.6291783964514
66.7618802359538
65.5913938117233
65.2945955208299
64.9751021918312
65.9156598844234
65.5103484157932
62.6946552739818
65.773104827042
66.7898487038665
64.2317456760803
64.9595372626154
65.1793966466751
63.5137328558937
65.3599697924604
64.935871073185
60.9342186050845
65.6390446835127
64.7228363136967
64.525549042419
62.4679153365155
61.5929510766132
64.8150901450167
64.202944392822
64.8472193412505
65.3627417361601
63.3486977553903
67.0745813243273
64.1290136598984
62.4648295728144
65.6116126297128
82.723890078543
82.0221125715228
59.8556029488687
73.8575004373971
56.6472697281727
63.0483469686719
62.5811551542676
62.7899145974407
74.268115156815
82.0925567939208
71.5219305120206
60.5224243510955
61.1962565963829
101.04151564585
52.5706887198832
60.0246324011677
78.0967234280781
113.044184163296
60.3505005914633
93.2002812651831
94.4272378164767
68.5505886580414
62.6058473941525
89.6003096083181
70.6543021090397
79.0833415335903
50.9275688768694
58.7618824752787
83.0313812592559
86.1164520188535
62.3332180204732
78.4419003928808
57.9184437849537
57.3316306854185
46.0975872861397
69.0272609324379
76.348413830012
67.4869835243808
39.2009249921353
73.0393703700581
57.9908442111648
63.8610616782515
85.2732217071802
54.2216008694404
56.531450084144
61.9554207988583
60.5498867674551
45.0908644170418
65.4988911058161
97.3102131664052
78.7681001491467
61.0917554374341
65.5298379993086
50.0571877318973
96.2534099547611
78.4182129613152
61.0458569826245
77.7963375524951
61.2102431809274
53.2114245208363
67.1543862530502
85.0835018566144
48.8322169074652
43.3811993253025
69.1643081399495
61.8881134226087
56.1749095816931
63.4006101108238
65.832480883045
83.2458504642514
90.4582839112758
73.6295117198828
61.9875453390444
90.5839995916167
57.9358164826868
87.075405533158
59.819986193754
50.1126882796345
82.9641930102814
49.6304519336545
73.0147760963896
87.7801373692528
114.285633597088
56.8422029860981
77.9624457459663
40.2435913365629
86.4818957328187
48.1508310316448
60.2005618524812
55.4905479250016
84.429875179108
60.6644382877571
46.9061608259429
64.9434822837077
57.3143453258667
88.7139667718354
60.2954925324603
63.7520494037949
63.4878481970688
65.4108647106109
66.2869271504301
67.0597146322756
67.7703875913995
67.225269687452
66.8253712304803
67.7722300205293
68.4659104829438
68.1656220311165
65.9717096815746
67.566159187933
67.2497929799982
67.110924305344
67.6191622246074
66.7259769275055
66.4205637891762
66.1980085072892
65.8062437703131
65.8165066052139
65.7081439335327
63.0577761810423
65.3670068321383
65.3224446507175
65.2310198139484
66.2801386889175
65.2748189083305
65.1299692405809
65.0866275275223
64.9031073838109
65.1846390690583
65.0348718096348
65.1243933608311
64.6577161365739
65.017429889793
64.9569763219898
65.4162107716119
65.7156715503842
63.8501789297364
65.3789877244945
63.2562530756479
66.460594003286
64.0448028914664
65.7955121669613
59.0975211678109
65.2907800215321
65.6392999712633
66.2224591016535
68.15780600285
62.1045280035956
67.9130675808717
61.0466284378504
71.8746117355072
63.7986975619902
67.7598185689218
61.8270579948995
66.4024478044559
66.7218104392863
64.9930710021533
67.1079003716876
63.5880343554418
66.839585795216
64.9229532151166
67.9202831039
64.8679309371447
66.0533337401892
62.2504131282565
65.191475053604
65.3223776588936
62.6957534325939
64.5068615267555
64.5788780125583
65.372598278379
65.559399602795
65.9200977168604
64.6872371695112
65.3990072512267
63.9741367797552
65.4544011705048
65.2905249882086
63.0640954318826
65.1560608898085
65.0938871509116
65.4287096986238
65.3507880025939
65.3846332159567
65.4083634909463
65.591493294443
65.8347733253226
66.1343172324372
66.4709632908066
67.0963433507316
67.5701621566978
67.7694570495558
67.7743262170129
67.8081005306989
67.8300984297436
67.6429408163092
67.3294566659281
66.9774968678096
66.5505533909373
66.1306103117858
65.8207624976059
65.7922002507639
65.8178783249174
65.9455312249944
65.8804713332192
65.6834240673198
65.5107879402506
65.5744666836697
65.688439797037
65.7323719628504
65.7684807208949
65.8068712550203
65.7236467077869
65.9986489378303
65.8249863432394
65.8069004073621
65.8719715764573
65.7797632849056
65.9646810230463
66.1681626785542
66.3782487408418
66.3053870532669
66.5309613110712
66.5781770592658
66.70564546379
66.8417893230649
66.9049844921444
66.967987881603
66.8761291428753
67.2734772133092
67.3598921274661
67.4298090569629
66.9523784752438
67.2816273308402
67.532734326534
67.3620586205577
67.2767096163737
67.1592320869986
67.0651168558066
66.67520807122
66.9496219552365
66.9066671422298
67.4878301466491
67.5662424546339
68.0163189140635
68.1366567823834
68.2505606928664
68.2003530400738
68.4885146898397
68.919243277025
69.1504032809594
69.3657676578522
69.3673768948459
69.3840388477431
69.2572094201325
69.2262518774605
69.0896077727095
69.0705734337085
68.9389894442227
68.7654290491193
68.2996800217636
67.9228462262726
67.6236716876946
67.4207283154845
67.6406072583638
67.9010266646038
68.0983639908139
68.2173137087084
68.2884164028208
68.7066148107216
68.8682274721024
68.9018942899878
69.1299657194832
68.8520929944361
69.2593466675347
69.6068296233257
69.5707277414748
69.8411059522454
70.1078623083365
69.8858509391683
69.6878274169037
69.0852596356902
69.1856678788952
68.9576896604197
68.7987872333423
68.5792129523797
68.183951050488
68.0207139465096
67.415998176096
66.9375904496971
66.4735953794614
65.988848677195
65.8611007638647
65.1165239656895
64.9607790094252
64.0220841706023
63.5839794529621
63.1276034855824
62.7201724899052
62.4772331997953
61.5684732710589
61.2763377488629
61.0547168112108
60.8639220256721
60.5782950147652
60.213530048627
59.9896413139465
59.9840326431454
59.835227835506
59.8703025490234
60.0243748194477
60.0518544398456
60.3413109850414
60.3277951105458
60.1222184917326
60.7504401906721
60.4707724353611
59.9783572169524
60.7197609540665
60.758505435078
61.0643933945991
60.9269495688172
61.2039196342975
59.9622596153105
61.3236481779014
61.2368849104599
62.500546104278
61.4992395600071
62.6084081055584
63.0258506431087
63.2653948129507
64.3244267936514
63.4435459486147
63.4408828498775
63.4809501184456
63.3979603292871
63.3956113001061
63.2165941460755
63.358908301301
63.3325637105897
63.5160094920431
62.2085472597368
62.5941901071508
62.1160658524565
60.1978334243797
61.9635507143959
61.8061643507434
61.9457192093125
63.2704001739358
62.3510759142545
61.2561063449353
62.9940135528121
61.9557380163153
62.3342330976123
62.1594053515534
61.9651932018592
62.1368782446936
61.5657346021515
61.2912941874202
63.0821246223417
62.8444818487606
62.0451608927778
62.4209563606613
62.1330998422465
62.9680605841056
62.9579696425643
63.2523796014309
62.3283917833533
63.8386288370444
63.5261938456686
62.4699869947693
64.9321045677634
64.115265266781
64.2804873375036
65.3984378457444
65.1093222790305
63.8367872995523
64.1523919049658
62.6668676023943
64.4045644867167
64.5598527735307
62.9024341743444
65.5952171446545
63.0598986647656
64.8731846510209
65.2174254430638
67.7528226290178
62.9964540349151
65.0665318081772
62.9544150873519
64.1763764369899
64.1932888454663
62.3721538629082
60.9840591772884
62.1578934019329
64.3179397096553
65.1650761428703
65.1343466652794
62.4484105193371
62.7666448080374
63.7611014490679
66.7082863191991
64.6070577986676
64.2905750793805
64.5718619075279
64.9306738719675
64.4996258972728
65.2573568156968
66.3826380459934
64.0276831071709
65.0320805811695
63.1992141894572
66.3902591973636
64.6494804146105
62.748295693948
58.5641782712532
64.042442238601
63.5459460106191
65.3244239476266
65.1884941844652
64.8940599118159
62.8188717507361
64.4044944851841
65.4246256822679
62.9306595477676
64.8142304198145
64.8222807354143
64.1368958738751
65.1179913847915
62.809491042672
65.3399970728634
62.1452306322004
63.8220597963731
64.3245524752183
65.2448104135634
64.7738917579054
64.7120534844564
62.4215598890783
64.9876283149468
62.6287168108069
60.9579438150442
62.2199891309513
61.6120551952873
61.8444974884907
63.1165588726185
64.7737223481298
65.9373742745547
61.4359112460341
62.4064064335053
59.5050239171918
60.5384016430388
65.4344147793465
61.2645891004787
62.0795498910725
62.927030432742
61.2347852424602
60.9398279480035
61.2745065860622
63.731810252725
60.175401306058
61.0895971400576
66.9727373385615
60.7352356918755
55.0181265087194
62.3618292654174
63.5585790145348
60.3720657095166
54.3354085573231
63.055644314093
61.5228004564912
68.1605106702418
62.5731689697886
60.3271048671133
62.855021034432
62.7713919499839
57.8413486981803
64.7082850710982
67.5877774142511
61.8686109705776
60.6486731712279
61.3864838225234
61.8550869375359
61.6475364306124
60.0642418054131
61.946566685366
57.9175050548765
61.7461017073029
62.6673231985464
61.8721852672191
90.2737140151521
61.1341215649317
61.675513184697
57.0673435761917
59.2134953943045
56.6392826477889
60.7234000459116
79.6392750237004
69.1728332567209
62.3814396085215
59.7650524160917
56.789399012363
61.1399345934097
57.2046368698173
54.6414521229128
55.440904181376
57.6417408403437
58.4385168793027
56.0638421682998
60.831365983063
61.1306193986819
61.1920643981837
51.8817475069107
60.0454130480937
54.343143446595
65.4024658025951
70.4875833953663
52.7990983332646
80.8012977793826
61.983800769427
59.7744194481669
59.5962582709787
47.4334682163586
63.0009005284635
95.6830398603868
88.0441473768847
66.9364122186747
51.2241307878662
71.2658616234002
73.9120758925022
45.6992057909081
50.9008145037651
51.6287860623283
54.8482406197502
60.7205403274055
75.1917811008539
68.6962149783896
83.3369056314909
70.8651833887447
54.7321634792051
50.3108220668595
86.5758180235864
41.5070077875257
68.3727361063837
68.190695517857
65.6753716961294
63.6413289654199
108.427021592132
70.3017398668512
35.8451216049294
75.8651992346163
53.552778080977
72.3569552550595
84.6086886583371
78.2896573752059
58.2909401296814
57.9789737832097
63.8664469846799
44.2258059710675
74.2221420403398
49.7077965877811
63.8642596633025
51.9417346315926
71.572528112451
66.9674935140346
68.1291358140098
64.7327168653884
102.163173660905
81.482507080927
51.9217049755893
55.5377386794731
73.8040373489708
67.8227253970493
48.242332673615
57.902590493244
71.5400381368552
48.5523126336745
90.3979785153944
53.6246932910845
60.9468834106369
67.883531663927
45.1213825805409
72.3412068965092
49.9217639838121
44.7726202446467
28.5072909978106
71.311888448027
48.7866497470523
45.3699954198881
75.4639661060573
84.5682238508457
71.4120315868432
83.2811381138727
47.5916862880453
65.2001984500669
67.9681855722931
33.0091528524506
78.0725281030682
55.3488568427481
51.8895435274548
64.3695061803463
104.2450453207
44.0622596309325
50.8505108764662
41.1582918173431
53.276442613351
87.8584490453817
55.016019878258
64.3962744791011
67.790503742112
61.5136901645285
63.7197224744064
63.926044098869
63.8209808477325
66.8082101702916
66.4967323739748
67.0923843776051
67.6482496360126
68.7642720903581
68.6356522651237
69.8359826720858
68.8055635956102
68.762394505514
68.5873217632845
68.3904479534765
68.9255498283631
68.1376373896403
67.4097783922365
67.374243268102
67.1746233708448
67.6852170380942
66.7415753742398
66.7258521934025
66.3165112735332
65.9285925993736
66.5076063817177
65.9819924966129
63.2784143251505
65.732833334624
65.6745888830857
65.7926138006578
65.5939353083699
63.1412814855551
65.4196549773105
65.1565470237552
65.4237434577666
65.1043573994075
63.8168379390997
65.4176673825215
65.0262406057424
65.1074919056243
65.0022910780961
63.4166454974205
64.9396556501709
64.9030436062473
64.8413913756675
64.8879893078536
65.1193430342386
64.5864410274653
64.7858545244386
64.4201084767203
65.0459619134398
65.3007975057411
64.8171604260663
64.8641556964713
64.3341011599984
64.666392249185
65.2294324183052
64.7417465778652
64.5197462976855
64.6038462640983
64.8308486744757
65.6823503689466
64.9395381278671
64.9080763741008
64.9541579139121
64.6985780283009
65.4269012051131
64.0240079743663
64.8399935756869
65.1187802292124
65.1739024350465
65.6344536110279
64.8875889889572
64.7600932481441
64.0510602386282
64.7919191584979
65.5485084270822
63.7799289056991
64.7963946734985
64.4958666995321
64.5904286574946
63.9914275017876
64.234061779546
64.4045019191469
64.5295505430043
63.8148998192433
64.3997392535159
64.469214342586
64.970460056073
65.3118625781628
65.465798458396
66.0236114422631
65.1503175075521
65.4293100675932
65.3362178188964
66.0692551473396
65.4242042266927
65.7978330096149
65.666052192614
64.84191901885
65.0330273793501
65.7524493604748
65.3893808442624
65.2943830437092
65.629149651952
65.1735889398648
64.8918846507967
65.3225464502967
65.7682922966035
64.8029024357511
65.6784972428293
63.5135874910394
65.7865289505399
65.4771179473526
64.4713448214837
65.1443513561171
64.8420604231289
64.9233333216897
65.8449450589964
66.3247961924633
65.7362356913333
63.9417128967669
65.9240887138064
66.1912515806768
65.8964034203873
65.9733737724667
65.5922181038195
66.2391221802822
65.3236296937557
65.6622801623313
65.4474132204908
66.649621092666
65.0506289623112
66.3994757327724
65.966930301277
64.4851608087709
65.596342246469
65.1204591224371
62.4009749704025
63.6612870522175
65.1110719108638
65.0704813228453
65.5663700930459
64.8927369614184
65.5257638665145
65.7705917267371
67.5700200385241
66.5147637178774
66.3235695881866
67.3540552327654
67.1856413449705
65.8206486623513
66.8000867729259
65.8509406714285
67.1006676526851
67.2537192307844
67.5068702245902
66.2095361120181
66.8212627483527
66.1537482621343
66.0261786630036
60.6576827397705
66.4527646647781
60.1610369084896
65.773429924284
65.0832301424873
64.9806929900273
64.5725424797521
64.772881298295
63.268417331457
65.0548448756102
64.7104986469857
65.5384981338005
66.1508940160492
65.7625600843419
69.3176244208955
63.9943450549321
66.1865986589232
61.0514294876979
65.8512756121386
73.9857309300914
65.7921417569623
64.8405480848452
65.8333839723893
63.7553320970376
64.5218722041347
60.827468448345
66.0935493886154
77.5587574950361
63.7197255090388
74.9631868981969
63.5872202261653
77.8381847778497
63.4664231501696
59.8512415015218
62.8568859812301
62.7771384584806
68.9506271721264
57.2107035088331
57.5026946699586
53.7036924947975
59.6519163071167
74.0674775817703
73.3278211352341
58.2221675487624
74.2492071828809
82.4422039721041
88.2294971396383
71.6694974163348
87.2099924717749
72.0062418187357
78.6219971753091
91.9261815204535
68.9328733373665
72.8846727357449
70.4469048016263
32.6970711298915
51.7571715364059
51.9371929977797
78.8371522223084
56.9406850378578
54.8445104079546
59.1975181399163
116.729448469697
83.6643600167554
112.757317427239
54.3726189574842
99.2691059939686
72.389277038306
45.8495861532399
94.7689683826796
60.7711204700047
76.159459031764
74.7411435424811
34.8033295481504
45.614306599536
48.7343991982104
49.9702180185439
49.6705959650686
62.5081522952593
80.081130421378
76.7453369014476
66.920219275544
84.3529029217993
84.5422451296527
60.1105876677776
53.7053240961334
59.7815281316186
72.7126848592957
75.5701154691713
58.5341325090435
60.9360778106399
60.0728614655477
65.2375534772573
65.6231187581731
66.0750295744681
65.9141669359446
68.3093946176713
66.1256024086968
68.0504279305775
67.4251801677455
67.1667661715954
67.9554208046324
63.876198988374
67.8220776518868
67.5082599131436
67.069656787722
67.7597375252667
66.7439478256703
66.0304872222851
67.3823577531956
66.0477781984171
67.2592945379259
68.2454777926292
65.2842806984271
66.7829829102278
66.7617531192594
66.4297557173608
67.7854143418535
65.418933898927
66.4567424219678
65.5934025274619
67.8042347503928
66.0189932430524
65.9834432150294
66.3860076501335
64.8474706381881
65.7091851541491
65.6692118202136
65.7090533212978
65.5634204178092
65.4975474517343
64.7308889763161
65.05339581598
64.1456210554597
66.0768407794775
65.3486912150481
65.3863931308383
62.9377836744839
63.3768944119408
64.5547362720707
65.8257858897169
66.1454748206096
65.1599448682758
62.867680605576
66.3537606091353
65.0009543061222
65.4283991506132
67.0569425899026
67.0962081845101
61.6293678872978
63.5920036124242
62.747353008048
65.1665052498717
67.2622386778417
65.9969713812646
62.6485407035305
64.8914315368316
64.6828833008589
62.5744846916068
64.2237238148454
69.5804679432626
73.2667920827721
61.92907371831
62.2828421305309
66.8025405537867
58.5121373544019
65.2747835064573
66.2253308735653
53.7616931904362
78.6722490767049
76.5131467241783
70.5439875498129
63.6223976288147
66.5758247707161
65.8792648323782
56.2738793735653
65.5348597388488
64.4360711211236
70.8815797531702
47.4939493223292
75.3135089385029
57.4229097242683
64.368823885868
85.5698545168943
53.5027737648105
63.2278100572674
64.6078136845013
69.7056038221803
57.8630811955622
81.3512704862412
107.193272315143
61.2090699081207
59.2779132707214
56.215499075807
54.4326807421966
87.2646207195354
75.320157281691
61.1448526222748
66.0562327233035
62.3382738558591
51.4105327056635
63.8895914520861
83.2594863959456
55.9365347209517
47.6313795691857
70.0712592769492
62.9664627616654
56.488134308597
63.6184295266611
66.2826783324597
84.5758918668362
90.9876417196527
75.0205085864692
63.4458176391141
91.3667962118455
56.9114333213984
86.6976263045377
59.5533531751145
49.3006990881379
82.8344476715274
49.1985773315181
72.5788881175555
86.3828893097414
114.197594198745
56.956852910695
77.9453251848678
39.7260271273944
86.3733317276268
48.6226920744653
59.7503231913987
54.8066507103085
84.4033363370224
60.0505305322229
46.7738266390025
93.7462817779862
59.4623521281288
63.8899487203128
63.3249828589902
65.2741942979233
66.1352208857448
66.9314146252704
67.6118612348082
63.8868438044828
70.642706357494
66.6330008909059
66.7487019773933
69.3056571669789
67.0113647537856
67.882264064411
67.3044712729155
67.1061770780544
66.8556033622446
66.6686087701779
66.4762498855922
66.2297185191867
66.0326926185706
65.8326908440621
65.6872623663845
65.5620454088958
65.503719075884
65.3974897291597
65.2649296482176
65.1769260792536
65.1200457790813
65.0568555731972
65.0263180792774
65.0869185205781
65.1159589342915
65.0131499943376
65.0707977357612
64.9785351349964
64.9868655799665
64.8753266322889
64.4734286231226
65.0875818610988
64.5329752099978
65.0236669694457
64.5585643277642
64.9255229966547
64.9830689934636
64.3635805072245
65.806720676395
65.0444426861372
65.8283124132671
64.8701512788602
65.685328231097
65.5579186304897
64.5466802431113
66.0640312331364
65.5173622965469
66.6022051778552
65.3405130261606
66.4516464563067
65.9989742112491
65.2105994142078
66.3400205364284
65.1847444875421
66.0099621986345
64.8850868580911
65.6141776066367
65.2072487559542
64.8947735483656
65.1474077722966
64.6103805055852
65.0574000806091
64.5063946546421
64.7799951627528
64.6589802973874
64.3241990589312
64.6856193803613
64.5120051857568
64.7883878281561
64.5459316498259
64.6564117743657
64.6176420228472
64.5926779743598
64.7440219027847
64.6029652431759
64.6509359103139
64.5606531591363
64.6542268574373
64.5633394070679
64.6355231462265
64.6587088033699
64.5913237264758
64.661196568757
64.7226659045372
64.8412315888138
65.0044158949273
65.2649792787392
65.2583498527189
65.1899590112257
65.2751535972471
65.3149673856999
65.3020724100193
65.2283672628981
65.3324900295382
65.0768325597579
64.8962304669287
64.8637196893613
64.9054990090022
64.9164676163292
64.9357215893367
65.0305246142303
64.8679653686542
64.7161774355092
64.7449934858572
64.8097100043325
64.8137693371306
64.777713275548
64.910832786371
64.7493818278545
64.7298427083043
64.6821900634797
64.6586829737188
64.6436416554563
64.6201704818807
64.8412334486686
64.7414725949318
64.6899411229023
64.7065964168071
64.7909066349566
64.8091388652068
64.849196473767
64.9940507700083
64.9135623325536
64.856244196561
64.8473554168002
64.9737512857431
65.015388591567
65.0150718530145
64.948711327406
64.9873756258198
64.9200824332935
64.9170898577129
64.8933665039115
64.8582371756547
64.7903379940513
64.8000003123606
64.7589541616798
64.651930105697
64.8865665571591
64.9483232028734
65.1253652053132
65.1666590503727
65.2086773283723
65.2023423723724
65.1772977029481
65.3638691160782
65.5379876380658
65.6649995333746
65.6009528950269
65.6715267832464
65.5507617183503
65.3873789233537
65.3345612516528
65.3099453235087
65.293937718569
65.1750968479772
65.0805697349662
65.0087408670284
64.8184730656361
64.774430170671
64.7834719744225
64.8803372945766
64.8820407924647
64.917129190491
65.0238728415275
65.0210594093497
65.0927934758645
65.1248121478447
65.2117584043295
65.1331882727022
65.2752052963023
65.4290175592528
65.2857135910492
65.4365955628149
65.4679745512408
65.4802665208555
65.4259739209223
65.3296749597985
65.3783988036868
65.2439442989773
65.2492774004439
65.1494856382067
65.0706162433701
65.0400402499101
64.9661456709582
65.0026173276352
64.8082601760902
64.7867421223246
64.7527228420245
64.6762605401575
64.6699254034687
64.5016493484771
64.6307604588111
64.4353237800101
64.530949015966
64.3884578534498
64.3168522427489
64.2500305058707
64.2132817677901
64.3156828902242
64.1406922539833
64.1741095080302
64.0260845794637
64.1014871857001
64.0332137618365
64.0022318770923
64.2424960915068
64.0607584707981
64.2742778025586
64.1081561460222
64.1804504327302
64.1941448701043
64.0400799471563
64.3362225202347
64.2571483815532
64.3621791305901
64.3734469854985
64.3992742861868
64.4133065010129
64.3298798089424
64.5746222246257
64.4784341826305
64.6841491067434
64.4313354409594
64.6173209951365
64.6325153315907
64.6397567448442
64.8027245243796
64.6616470582418
64.6814902944798
64.7013553360354
64.6961429606485
64.7015086462449
64.6842214604578
64.7076754135359
64.7148547615814
64.7514064379529
64.6302717238029
64.6565059910731
64.6307806767366
64.5834894621542
64.6267409349796
64.6211295227366
64.6192963363857
64.6185606946558
64.6114759540475
64.4946586412578
64.6630536871032
64.613081364433
64.5377954298105
64.4538440234218
64.3133234403986
64.2233878347098
64.0260958575518
63.8760328472509
63.8556764188741
63.735449754499
63.6630875343213
63.5696091887365
63.5525543396584
63.5950675497279
63.6191107469632
63.6698768167909
63.6781302251606
63.7526827156376
63.7614834566059
63.7919182411185
63.8792308100579
63.8879117725513
63.8782577187181
63.9247942707058
63.852364121217
63.7658672026363
63.76523849542
63.7830118726699
63.8085414015943
63.7613535674389
63.7448596951608
63.6664846407937
63.5844136377936
63.4933979718607
63.5042789888779
63.3521531921078
63.2109656725024
63.0496363558382
62.7763904982061
62.7877282965566
62.7236061442894
62.871357996782
62.7176843497537
62.6995439020595
62.6813570551605
62.7875234071055
62.746265584788
62.926696453535
62.7661487506894
62.8458873141556
62.8186658833614
62.8726089571619
62.8253419204894
62.9617092999342
63.1474889729799
63.4453584245438
63.8078332876334
63.9005305424832
63.9883212467746
64.0783261728361
64.1364435680652
64.2755652550541
64.3085918527659
64.194535021736
64.4893829491915
64.474730660697
64.4512041548267
64.5294388497417
64.5221007927179
64.5594128847982
64.4881577870183
64.5944928947808
64.5863516015959
64.6350898869886
64.6417925560915
64.8322973882971
64.642337816557
64.6923025719252
64.676097146187
64.7342479803382
64.6006219099384
64.6570329779293
64.6733411204071
64.6794248886307
64.5730098796523
64.6628329795959
64.6919406386712
64.7055644763652
64.6244805317519
64.6446099381414
64.6480371521607
64.5780870989826
64.5599266813516
64.6038730806138
64.6357857394272
64.7101489834563
64.4375315813078
64.5094943909765
64.3629254695685
64.4603454450891
64.2567944370748
64.4339836409302
64.4610464531098
64.4720133515164
64.427974884753
64.4368986111708
64.5223063974726
64.4872643028156
64.5222340129825
64.5485434463974
64.6029950156138
64.5830391138181
64.6562359420493
64.7010600410542
64.7775152101938
64.7698840115676
64.9549682130381
64.8258937404205
64.8554607249245
64.6931756559269
64.860367275171
64.7263015382987
64.8275560995595
64.830463858104
64.9094119153468
64.860851753725
64.7808369305338
64.7263565547555
64.7319609866809
64.6728305607802
64.7156168284247
64.6980611682112
64.5240109524982
64.6279346987651
64.5113392895013
64.5828137035568
64.4163629582433
64.3700597626662
63.6952775116404
64.5536089352623
64.4852984196471
64.3561418840458
64.3082636051798
64.4459023747132
64.4172979904657
64.1323720467748
64.4434712431771
64.4549836841359
64.3961802814734
64.3723714175566
64.2803305342819
64.1983420619361
64.356426733164
64.39898562582
64.3167161814708
64.3638307595804
64.5519818244892
64.5144731520373
64.594695495442
64.7221950144533
64.7527263233719
64.7250559445748
64.8702527260151
64.9715765179951
64.8756577827805
64.9153918150151
64.8124789812652
64.8493272576633
64.8351573947959
64.7819175882825
64.9792741735996
64.8563443640535
65.0125323969139
64.9068187800481
64.7681098645843
65.0418357412533
64.9966937304103
65.0871534053415
65.2804145310585
65.1036182204876
65.1246215313765
65.1079871794209
65.1511676787639
64.9842796672402
64.9796258709154
65.1922035581337
65.0797134677613
65.3062121505964
65.1134809146451
64.926038860692
65.1222740869196
65.1058331674075
65.0170963462786
64.7996550994304
64.9607439962354
64.8842170673457
65.0002145039532
65.0607918848351
64.9394545461339
65.3630715780831
65.0075092056404
64.7581651040755
65.2307847123689
64.9096001056481
65.0379150089097
64.9990841647654
65.1120378957387
64.866939656408
64.8508087601994
64.6563143206091
65.0400990007037
64.8571221762121
64.8725710586219
64.4592996307889
64.7368184925243
64.6562957301748
64.1440539522133
64.9042054858928
64.949592503548
64.0561454654958
64.5789226528265
64.7155848552179
64.6397015745707
64.6168868152736
64.8011545522707
64.3945339673674
64.7592765082053
64.5555755277604
64.805614755783
64.5047347162312
64.3694935559352
64.389567804614
64.5861730349229
64.9284332299402
64.4903865700752
64.5610774913734
64.7216472709602
64.5668719776293
64.357276633875
64.247877617366
64.5091819040907
64.5440695317343
64.4249033519014
63.9558610990202
66.4133145198603
63.8348583930608
64.1552291073234
64.2576729961362
64.0773590046545
61.6067859588197
64.1811354590389
64.1942919726389
64.3575375921094
64.3054772341171
64.1985245733673
64.2090794925164
64.8840385496768
64.2413426577235
64.6512647302891
64.1991557492417
64.490855508239
64.6271938211184
64.4861446213987
64.4385361055484
64.0979537747664
64.2416596530335
63.4442713129017
64.243978679014
64.9792700587858
63.4846927084565
64.1707624010012
63.7090023706809
63.6394639975205
62.1595597739456
63.718901952713
63.0416891536503
63.6611581591886
62.1381324101368
63.159444642582
62.4199773159125
62.9380693153756
63.0493152460823
62.3236201245669
63.6305946859436
63.2928206238207
63.4752491611063
62.8788070362493
64.6807570593129
63.5043424177068
63.2425846678614
63.406425307586
62.8244172798607
63.24962311519
61.5576593586341
63.4568214563264
63.8607204594076
63.8369128346728
62.774220329047
61.3390448312981
62.9483479079846
62.8803086914413
63.6389907110761
64.9385524625457
63.7830946230428
63.857006193959
61.591799654692
64.9996081913343
64.5514280575271
64.2189712744488
64.6686361366063
64.4472692194375
65.720965156181
64.1467805919406
64.9234163412395
61.9563278294573
64.126355423982
64.1699977545889
62.4358813038115
64.7507863135211
66.8743557363404
63.6676304045898
69.8323783660594
65.4982257910565
63.5536823451851
66.9812222003499
64.1623230837444
67.1853460214863
64.8833501836837
61.227421567447
64.5727228903769
64.6911682367737
66.4876398905863
64.9929281325853
65.8996686292215
64.057319058927
62.9980895702354
63.8728350202997
63.6073340706638
66.4503985718131
60.8849169855991
68.7984282277528
64.3095554297471
62.579859750123
64.6627654055112
63.8554528984445
68.5013282490069
64.7799660376974
63.7699489189516
66.008348707722
60.5831290167248
48.730744961184
65.5396117787575
76.0481954202625
63.6375827510444
63.0150939838
60.3037762425694
60.5616459460313
57.573076005539
76.8940775117984
53.8641519224161
45.7438806596025
75.3437215706969
52.9446319513755
52.366644270968
59.8873604778103
40.1429898979034
81.1037902073404
70.556289282715
60.5439739850695
60.1319639658586
45.3607323812939
48.8456342579346
54.7885485826721
53.9355339218262
84.8916470942812
90.2119308265858
74.5218361734889
45.7692066461307
76.577599422681
58.1584281208132
72.9333729544163
47.8304932743147
63.3272592814768
52.1438709297241
87.7441812325466
73.6656243381181
57.7428531114001
38.6633512547129
40.4636118801058
60.2431026648845
30.5112475484972
82.1983441767418
40.6656709645062
59.4299820114874
74.1917911486317
54.7919499144995
75.1185716529211
96.1594425089172
60.5258836931079
65.8046823388275
53.7474633388124
57.0469819554162
63.4981862768755
63.4366681884744
62.2820780336501
69.3773472701057
67.0741111794794
67.8402227093499
66.7651471887674
68.3255735656047
67.7773578214364
68.8428588186297
67.4942063808075
67.7507617768377
68.9202267701093
66.6621227187156
68.7074324608425
68.5650051691719
66.1856396626365
67.8502316061094
67.3322048920281
67.5656241264482
66.9986233982686
67.2538491635196
67.7663005206796
65.8466658539237
67.3475099334385
67.2397509667469
64.8500396922118
66.8389938312533
66.7047676722877
65.5262566915987
66.7424160235963
66.559378994903
66.7378064931248
66.0323198310936
65.9854695937723
65.545784976235
68.0776531779371
67.1460854014784
66.902563172818
67.2743015129103
68.0427661551454
66.3417182840168
66.4713075397636
68.1263328853894
66.4054082333355
66.2800749237482
65.0249667891333
64.5371414569935
63.8954638346281
65.0585889895153
67.7255630405937
66.8945916543617
65.6720587277641
67.1725002626256
66.5244867784913
66.1843467825226
64.9970011142571
63.3947307056564
64.5322763387116
65.8764541721039
63.2848242508772
61.6981899608878
59.3736278103291
59.1461147652063
69.9312963449332
64.2820922818936
65.7660677958612
64.1676393763269
70.3790782495844
67.8377690590725
70.3287808789984
61.5564591437934
61.0890302615653
66.2851148681018
67.0227862640786
69.8482370591094
68.9841290153503
67.4597395669676
61.0477056114366
66.7604381769615
63.6507681864693
63.3461740026673
66.995609164355
68.0933168659328
65.0347927712733
66.3557492326458
65.4435625411493
65.9061602660026
64.4480918325784
62.7455499790965
67.4543044309495
60.4042352095397
64.1833439510919
69.8220292058334
66.9442396364128
66.2838358444605
71.8437796703446
64.9927027473737
64.322507027304
63.6177606882729
61.2873438716301
67.2977056654722
66.693574751843
63.4381286617867
70.1426447805325
66.2071031245884
70.0515346662989
66.2535239807344
71.3030055689807
60.8274127922789
58.5574477033579
87.5990182835568
63.286394284742
63.214697832953
64.3095069418349
64.6148240170506
70.5066532781982
64.6739078357655
68.3895693551542
54.8251193311323
46.8294393321549
80.8384586167454
69.1002321177503
55.8051120550823
65.6401578789477
64.4189483997479
80.5047708236806
80.3248018025228
71.1071058900604
64.879834462754
90.7364104148785
59.2323628621712
100.925261567478
62.4722149123303
63.4588574445807
75.8594793186821
51.2450757659473
73.1263015400815
81.4701326039069
115.19728802224
57.7242631029035
78.2385270060837
39.0482353865645
85.6306666533578
46.3578441154083
59.8395299889731
54.5987842256853
84.232049921418
60.001400374099
46.4968722312959
64.3150244435016
55.837956203628
58.7537056953173
70.9734003755847
63.5674278211316
99.8652812188431
83.0776062900926
60.9571409539542
71.4090292619885
68.7109777396939
68.8569338885087
83.3310938871459
68.1861244660189
78.4587839769249
73.2566528308043
79.0737681688146
55.4782749452581
75.6306564275115
99.1013461298491
60.1690613048374
89.715568934941
65.4301439772243
54.7499222221898
94.347861034725
73.778619968385
63.1491624514557
83.8587831742179
56.761931784468
57.4276183311911
68.9973866282798
111.926355080294
93.6169187123014
78.8588327832352
61.8353648636163
60.8487222258691
64.07545579606
64.8562375995632
66.0648638101788
66.8864509580252
67.6369330394023
67.7605725020544
69.7129020193045
66.8937556221652
66.6453862123319
69.136208232605
67.311029010487
67.8685244228995
67.3703027148932
67.1789082810827
66.9389794960942
66.5297651071133
66.5458134143284
66.3256503627803
66.1324279582305
65.9273211252781
65.7828254523287
65.6561932079719
65.4353283369064
65.455946867317
65.3295138779532
65.2459476897134
65.1827981594142
65.1171281038537
63.0407358321509
65.1011773902292
65.0419871868621
65.1161952515733
65.0430314680257
65.0104999019233
65.0061218697888
65.3291871897
65.4032143917203
64.0065599049931
65.2428376671364
64.5604711564805
64.799914447813
64.8235977900359
65.9095214698733
67.0289053085114
62.9828258562478
66.3381479362248
64.7275054446809
65.2751902229799
65.4035553184465
65.6487487761776
67.5994503811751
63.579491922449
66.7350162968995
64.8757402603576
65.9851200859825
65.9324098837012
63.2013524480834
64.9376127916262
66.2584664502584
65.8172813656029
65.0167984407997
65.6586316398603
65.2188954881244
63.5206628055759
64.5658680230384
65.4055296104118
64.9782713649826
64.7313886452274
64.9361732103909
64.7453083470372
63.4066414847787
63.9567588542167
65.3148637612294
64.6439735087215
64.7046356439287
64.7735841915584
62.7031833336038
64.8852209550065
64.3719300746986
65.2929535552762
64.784499951053
64.7790364809056
64.6850409800492
63.9343532251153
64.8253721938629
65.0086067448606
65.232720646509
65.1880242037212
65.3210775120658
65.6471085312309
66.1035201448783
66.6215112813489
67.1525135746532
67.4570764120986
67.5076863270713
67.5816648141711
67.6117112271219
67.4927804076903
67.3414675290668
67.1099993716936
66.7682188198675
66.4166457611004
66.2376846349444
66.2331787055284
66.2892520480453
66.3733637845523
66.3519538232876
66.2468920912741
66.0979570155447
66.1145198457557
66.1768403966194
66.228272599625
66.2344884247321
66.2848246384111
66.326681631149
66.3961987285536
66.3210179734455
66.2260685682818
66.142592863374
66.1773930425965
66.3654335424521
66.5180004168072
66.6078879452639
66.6295673720518
66.7354067367309
66.8208701641309
66.9457222236806
67.0353900767345
67.1557998853642
67.2848886933836
67.2713528124816
67.4059083837726
67.4999353228881
67.4961918580749
67.3621150102642
67.4116445378585
67.4561009882313
67.411194239588
67.3384413812186
67.2414362682785
67.1403454154726
66.960180645942
66.9989117021075
67.12241482581
67.4550282771908
67.6840607835214
67.997059092412
68.1708637877598
68.315825579816
68.3903291020959
68.5610440447384
68.8503722933815
69.1927331442699
69.3943514498788
69.4236641680667
69.4497653693765
69.4255018835024
69.3482069669874
69.2587090518388
69.1161471897072
68.9848877638989
68.793573489014
68.373627088657
68.0138109144073
67.7399836725995
67.6321582433384
67.7345260535045
67.9035077137084
67.996332873616
68.1588019091231
68.4195570832471
68.7364807587704
68.9180975917618
69.0354153321873
69.170274557731
69.1906483202336
69.3308134663406
69.5483919757915
69.6677175066276
69.8660454526781
70.0266940504736
69.9681468386275
69.7360664963712
69.4116313917187
69.1895941789388
68.9182527234732
68.7666592556578
68.5455530560528
68.2268735228338
67.9257170189758
67.3735691091238
66.7241843717415
65.8432277705875
65.4010833469045
65.0962263391613
64.4961108956941
64.12362699698
63.3335538514115
62.8877312403209
62.498783993593
62.2494473605986
61.8307462479897
61.4160225628119
61.1861968968679
60.9946496186141
60.8163030404532
60.5707068184359
60.1788180219538
60.2922394783598
60.1960463838186
60.1986831519284
60.1875552434555
60.2539062224077
60.3316194005485
60.2957719102955
60.6292370870434
60.5945853602289
60.6522326762593
60.667331260732
60.7136161376222
60.9920963074279
61.1397894961545
61.2441274189251
61.2597842194641
61.2814093456269
61.1259076942525
61.5601181085864
61.794509904019
62.1628019903416
62.303149120755
62.7134590878522
63.0720763798066
63.3769773074682
63.6524267136446
63.6020342801482
63.5193076123836
63.3987149035238
63.3776576700139
63.3332613596835
63.2875493811068
63.24445384407
63.1271847030896
63.0204569296587
62.7722566352521
62.7084572080488
62.5381834212994
62.3999242287342
62.3434567399582
62.2605394980306
62.2676062370707
62.336829626559
62.4176868176289
62.3073385171483
62.3732182702007
62.267790803391
62.1385783054064
62.0000767458497
61.8131880418112
61.7105207010738
61.5544084946298
61.5112884228124
61.5740860272554
61.549453344167
61.6568590262178
61.7449767961173
61.9308394077047
62.1083178819755
62.3149964126764
62.5333995544739
62.7308022636944
62.9688019173434
63.1223809588381
63.2901545412348
63.5186079889904
63.6332229067341
63.7242329967577
63.852304870379
63.8495287474007
63.8386525704662
63.9109472371404
63.9950590834119
64.0843516962826
64.1414667860989
64.214142676075
64.2406278829821
64.2154259133428
64.2138816756779
64.2356425348597
64.138818456865
64.043312922407
63.9222874955038
63.6967980995648
63.6645260530667
63.5297219782526
63.6380061794408
63.4827309483509
63.4505375978194
63.3932061053788
63.3882942128344
63.3310225720362
63.3342228054352
63.1444768885655
63.2063444107359
63.1675892057433
63.1838782395135
63.2457210307942
63.2218319049598
63.4187217271322
63.5871630591133
63.8404417572794
63.925374915438
63.9978273736432
64.0702992097483
64.1054881838478
64.2166847903648
64.2265235163846
64.1077145525862
64.3615128612405
64.3250935822353
64.2665301517153
64.2718292919967
64.1908799475265
64.1737077231997
64.0787128032403
64.1169651504508
64.0464395934844
64.1045585450654
64.0483820271966
64.1471854547544
63.9350578083487
63.9927218653863
63.9728409167947
63.9919251074445
63.8833879011244
63.9449088615201
63.889191693567
63.7935335734959
63.6364704134321
63.6466093088166
63.6813782864614
63.6977168995216
63.607358382461
63.4827694363233
63.3169806388023
63.0911614624679
62.9800659665217
62.8994772123872
62.616389138443
62.192591331787
61.3677635177174
60.8802993345775
60.3299656464512
60.1675753081289
59.8163190183957
59.7923551557954
59.7862059606992
59.7694781584339
59.8084492069731
60.0126359829548
60.2531690526932
60.3240754772096
60.5274051523697
60.7880088215274
61.0926146880175
61.3227766414291
61.6498255584676
61.9823247137922
62.3694958493872
62.6727344725359
62.9981179295103
63.0469110965906
63.1937362425346
63.168387474858
63.340627691191
63.0782023107876
62.9660577804282
62.699062175536
62.6231103111581
62.4964366878914
62.2055813793985
61.9238664696231
61.7331289131763
61.4664756697523
61.2146341523699
61.0102841286994
60.7143374617671
60.5877034743512
60.3189025647051
60.3848462730037
60.1996999405829
60.0515900909235
59.369537178558
59.9262606641015
59.7333042181768
59.5493390577001
59.4587449289423
59.5213354281926
59.420211245113
59.1816853224298
59.485939537169
59.464516359372
59.2997674648165
59.1656431454975
59.0650656342639
59.1341123266097
59.5038839426035
59.777435018644
59.9385202715907
60.2215065480775
60.6598628354441
60.9608015903084
61.4350133368156
61.9947795091638
62.5226556361934
62.9189226216643
63.4345552139482
63.7701597153406
63.9723973425816
64.152405845236
64.1175134171998
64.1389105227684
64.1629727104906
64.2127562049283
64.4649022708553
64.4991137783764
64.7220236354044
64.8603762660885
64.9811162819218
65.3776881210233
65.4998915171306
65.7580641998447
65.9970814833065
65.9900534673416
66.0168325401665
65.9821144499997
65.9359934203965
65.8202613403627
65.6076074399659
65.4651992630833
65.2672579941145
65.3385737592582
65.0813701175599
64.7439888484211
64.7152525015624
64.5087491506245
64.2873889133775
64.0221303216869
64.0815682820785
64.0150494725874
64.0532997167005
64.1242045545002
64.1519876280305
64.4832612271375
64.2564562500436
64.9793036738391
64.2036352426332
63.7009840358896
63.6229941633561
63.4738900706407
63.4147026590232
63.1859054467665
63.6550444072716
62.8769778302035
62.8574510921686
62.8423994186162
62.9142275712088
62.5591139625683
62.6147596649227
62.4682721211313
62.0145487052809
62.1895669489153
62.0744521794205
61.5102412105574
61.7336251524927
61.7232281538544
61.0876224479578
61.2504972737939
61.0986660174866
60.7453437417063
60.7714944770045
60.4356801321811
60.4414021436022
60.0635268435275
59.8149790590191
59.6481120715972
59.7777570577146
60.0995715709001
59.862166873492
59.8278474825407
59.8548494776263
59.6108825072617
59.3873690976398
59.3468261430817
59.5412944338893
59.4924778412957
59.2719155290902
58.7697992307953
60.0893801662675
58.1860679959707
58.3214511810905
58.3670569492497
58.4217431713148
57.2778116786639
58.6748461493265
58.7282714013011
58.8380342062204
58.9993413444239
58.9997018532201
59.0667690322309
59.498941080971
59.2896415305
59.5119923901276
59.4810099696303
59.7280103221737
60.0139919126632
60.0932187105851
60.2161983597095
60.0827500608731
60.081113851137
59.6806017527114
59.8833840854309
60.0860727163526
59.4795932889664
59.5764880301689
59.1546077857094
58.9350303931425
58.4182746171154
58.6137257430267
58.3294822625603
58.5272025693901
57.9273896363024
58.2294779310052
58.0281137814683
58.2345832857153
58.3158093856214
58.215925411028
58.8580283187361
58.8964401076561
59.1442926618132
59.1486190075537
58.5794534512632
59.6027657363975
59.6236839824445
59.7172120332653
59.4500036376102
59.5595830688671
59.1737155214681
59.6779694213154
58.3493313415324
60.1639183561912
60.0138516642485
59.9338310911481
60.6112080118366
60.8527715134702
61.3194221376852
62.1952068426453
62.2139732424028
63.4108073487195
62.4636477580826
63.4629886575729
63.5140507389412
63.6396517792036
64.02025134515
64.3024581383305
65.1779209994779
64.4794643410511
64.8236740871825
64.3553876895197
64.8267176867351
64.9267500216461
64.7274836708377
64.8507364560108
65.0211550080319
65.2569723595666
64.861061627588
65.7333881953096
65.3231346947742
64.3924128577373
65.5355326069033
65.3378507169781
65.5636466064382
65.4694301456663
65.4558078419337
65.7151272401804
65.0696266087814
65.1961405840041
65.4606159764692
64.8273654990292
65.3814545962419
65.0704651905265
65.0978349965978
65.416865065342
64.9696478165017
63.6641733254969
65.1111032735662
65.2302743341388
64.9889167309856
64.8095370777713
63.8903202520846
65.0759723568721
64.8863200886977
65.01999619869
64.6020512235152
66.1679483941721
64.888046906106
64.1663763224197
65.2515439207763
64.5847257480343
65.0299226533702
64.7310778047658
64.7111049705376
64.6719699076389
65.6618962737508
64.8953812986557
64.2925509405542
64.7953357841381
64.5926001867212
64.6132520090619
65.1705805800216
64.3036916667731
62.9373955607207
63.5709720317085
61.1087232813848
64.8718301997114
64.6489147706648
64.1407411576373
64.2423564708671
62.7257886689643
63.38290722754
63.9316872563857
64.4797461287423
63.7863559500489
65.1597942793862
63.9702856583377
64.0634557589125
65.0973585674513
64.9769093353686
63.6372004807766
65.0670450729046
64.8203726931167
64.2128242160487
63.7164566448695
64.9412174791955
64.3398341172395
64.2365602047852
64.4973572030986
61.5642957590252
63.5881062665038
59.4246153938809
66.6078784947101
62.4332435326423
63.3087822128483
63.6508781439105
63.2526517074251
64.6512043020229
60.1221750378555
62.1154788201542
64.8571665692594
62.9564603374254
63.3665135175414
64.7184916116206
65.397422424961
65.0899614503318
66.0612098085242
62.3463407863524
68.8043974568442
65.0892197982812
64.5600538759006
65.727424539166
62.8778287226204
64.7274001561955
62.2911047351769
65.2866088049998
64.0974035501573
63.6130930412727
65.6663835180564
63.8895931984113
65.0335836335611
63.3565588484432
65.5320027008655
62.5775307057144
62.763836239575
63.814072884688
62.9650461667925
68.2467527166995
66.4139927746425
62.6498919174266
63.2747954361517
64.1244974358386
64.3603845071041
65.28030755679
64.1972219014453
64.4932253504679
63.6235821282158
64.0601731936674
64.7930715449689
63.4040297437293
65.1022536548382
63.3936662421629
60.6287346658278
63.7940511974282
65.539505108717
63.7780870826156
63.3249136544672
63.8355506729941
64.969698644875
60.00355839439
66.8468325854923
66.210319931533
62.5631539272068
63.2029906054538
63.8861595436282
62.6039591093799
59.8619518574442
63.2573799596398
64.9317704863983
61.923875354932
61.2590717533191
68.3676457789637
63.0855516786991
60.5381970923318
69.954563211458
65.4386546139898
63.8526399470973
61.4025654609543
64.4565378230012
63.1564999901203
61.4494670440744
63.1329483129654
71.1973957589694
55.6822384235766
63.5529810174693
90.9223099453403
66.0626216615267
50.583176093753
63.9962944645652
71.1291092776802
80.027624020935
55.39821487305
79.8407577017267
60.7679451515901
66.2483523918516
67.339923373778
60.564594428711
58.4725539799629
62.8896339643721
52.9915420668837
64.7184185677723
48.3493569066815
84.0253388632191
55.207675484825
45.2416669008268
55.8497677069306
49.9097166583985
76.5889652558309
82.7989490625554
58.4264293660983
85.7804349510505
55.2140380461977
48.8070843564371
45.0127315825493
54.9257291812459
88.4538358378191
74.6232218267534
74.6710500760219
65.301391181537
57.3337420209041
90.6568511220352
62.4207115803588
54.1135251337506
87.2149847493611
66.5957715786198
91.2170335533137
51.4631952568817
52.9318137671782
52.4560453654576
45.066473335444
41.3622991759476
58.7210877022359
69.0866618365225
90.6771842294248
78.2365196037815
63.8578097485432
65.4021145948643
96.5015307780005
41.3400303201266
71.887951408014
50.1431488109984
105.744245037107
51.9995731558011
78.3255496542171
86.9037592303542
89.8768246752237
70.4157976393602
49.1349164358393
52.2673173271677
54.0568310521892
52.6478610694164
36.3726790483293
83.1007430102819
49.8945428401309
67.4592844432111
51.8271470111593
65.5206541201102
67.3770939089905
81.907916302303
97.0490328359445
84.3780875055508
50.754649628288
50.4415929888013
96.4099584061784
67.2500169640633
118.350656579871
62.2733829018862
59.1078998161413
63.4547512432259
57.9291078238714
58.918749095625
63.1854906333585
38.4060558974002
53.0749663990023
36.8534533743384
43.9860774172655
51.3614331603243
66.1699755050135
56.2997551918636
40.5402934440627
66.7212640164247
60.141895142675
60.9619161725685
66.3720506014597
64.3250709244643
66.79084857852
67.5277070535238
67.9971659322844
69.14087407454
68.1672133480156
67.9356407171925
67.4826090716958
68.3056029195929
67.7246348907894
67.6358388467354
66.9651743043761
67.9911376193542
67.6170316881091
67.0206217773358
65.8512784041958
67.3065535369417
67.0515407650427
66.7098256984296
66.1154154261036
64.5541372904901
66.0294738830662
67.322697064679
66.0095301207755
64.888336787131
64.5360175396715
65.8790139266149
65.8883299901223
66.0719890131701
65.8290781835376
64.9877525269066
65.8920898549034
66.7278122925176
66.2416747168613
65.7621500409302
64.7938150615606
65.1419144139232
66.7963194427373
67.1053660546214
66.5600947913002
67.66153951566
68.3307655854918
66.4025579951393
66.5431086105329
67.3676741154793
66.6754914339202
66.2595113142406
65.4951663749143
63.2026248171294
64.8642583224171
65.4978577514094
67.3956413991321
66.7372802168036
66.0431399731773
66.6556939795393
66.3894846911834
66.2977127114757
66.8876119227207
65.2350755961121
65.6159201276338
65.7121491836561
65.2668570243805
65.9688479294508
66.7138602561399
64.4713289305312
69.8491561667573
63.4280211412717
65.9475837474551
64.316940811805
69.6510018014478
67.5417788796881
68.9278402510435
65.3830358771945
63.8459882686258
66.8453171387769
65.5008561759295
69.0820045699469
69.3359836176418
66.1401442421278
65.053143286586
67.9299518179206
64.1907300172479
64.9218899435235
66.1913666355276
67.7164733799607
67.4626229018482
64.1129134001573
65.7291868389064
66.75423207164
67.5635045145559
67.3110553125951
68.1214766260747
68.2028728883552
63.858340833955
66.2972807903475
65.5842896212133
68.0917693389026
66.8550008691575
68.7238911531463
66.8521521761914
65.4842886322733
65.3627069512407
68.3210286448032
67.0968138215066
65.9068616281075
68.2960512579549
66.5496643410382
65.946454966363
66.8413857093467
68.1636154672905
61.8941156872002
66.8808164102495
70.8920589195839
67.8313813647478
66.2717899542334
65.6422491262546
65.7708662919029
64.08587674448
65.281197055278
64.6228581439431
66.2340398649795
65.3146033731328
61.9517737650015
67.616414034251
65.6162045907351
65.8430160386232
65.3787814149772
68.0615230092825
66.1309110957151
69.982099470813
64.4739373397195
83.9245677511086
66.8557815318675
64.862208502597
63.6562076870436
66.338531621886
73.9249558022405
58.6020441409523
58.1921911192863
87.9761286834158
114.775566078462
61.971085634147
78.3181860989154
40.4380055099925
85.1944229292635
46.8911034285317
58.6608561635414
53.8764267141173
78.1495244477524
58.9216234765614
47.5490143176512
64.0339850734981
55.3242365905837
60.7785477640626
70.2131955153376
62.8917826249787
99.4534384269531
82.3769784829852
58.5308905849051
70.6115030729453
65.8211716444708
67.2346560478945
81.0845970264878
69.7002941957322
77.5995198107245
73.1840093236643
79.3248482412048
55.458362974044
74.8340192675506
99.4666950644545
59.1059964596448
89.3510122920254
65.705469104288
54.695913847288
94.3307760538536
74.0268850077281
64.2923252636838
82.6883794913225
57.0150449856053
57.8890112860611
69.2273524829577
111.955652877315
93.7114498907625
55.3726486725375
51.4131663128782
73.6896847569502
57.7908790043608
82.8204943442323
66.7867604900377
94.1343051906296
53.4574820759568
61.3821823668553
86.0772201016989
77.9216635126155
54.2303024855888
56.8411429242613
56.7483798751407
56.1577136300197
54.9293211989537
70.8994732576262
48.80447463634
70.1250331790046
50.6933896391921
62.2900454345762
107.691973716852
59.1401116979297
60.7886955665049
62.053659406462
63.6052973863892
65.0817550422079
66.1218828201898
67.1503724343392
66.6984840258806
65.2677660000114
69.0545860104584
68.8313839467382
69.543788130514
68.0097272076034
69.2500848144096
68.0698677824214
67.8504170415157
68.4222204642212
67.4786147473879
67.1593990037181
67.6980754122465
66.7941648486866
66.4035908033178
67.0984794916897
66.3240753781368
65.9144029458
66.5700812210612
65.7817438081116
65.6844982109062
66.4851749180568
65.581477138205
65.4681157737196
66.2814431408092
65.5440600790273
65.3299505170633
66.2032574824233
65.6183976544426
65.2120904432647
66.0787376153355
65.7799482033147
64.8011485387206
66.5212682810343
66.1759149918305
64.3392716615849
66.9021772196455
67.5072393456767
63.8475469943513
68.0113509735921
68.481286493249
64.0285461921353
68.0782573403497
68.9150771880233
63.7058483666315
69.2739599079081
70.1112024194607
64.2481302634916
69.495285088065
69.7854111705791
65.3772078520012
69.1539461554569
69.3621173038881
64.9031240643474
68.9312333467002
68.1348007115587
64.6177010235079
67.3596192025542
67.5318175709678
64.5908416695296
67.1166704342625
66.1074541893531
63.7578198985013
66.5836254778798
65.9954798734874
64.2358698480757
66.2316714910595
65.3151891388153
64.1554338828143
66.1549754323166
65.3797290842095
64.2277754194442
65.1925018336944
65.0332873735424
64.486779476683
65.3575608452302
64.8125606215765
64.2057358153438
65.2012587349325
64.4879339125755
64.5480233474873
64.697599915147
64.7744731549848
64.6616194502483
65.3755913841939
64.7537822972837
64.9203539806773
65.5480194673522
65.3190703621408
65.1476910489205
65.5049354384372
65.3704669741836
65.3708737952384
65.2177462557755
65.1349131531083
65.1215567636593
65.0632110076664
64.8919679504829
64.9016366746022
64.870343707528
65.0123136713392
64.9325638038608
64.6914612571876
64.6160403956447
64.6958739186491
64.8111116308854
64.7771399797938
64.7832973270087
64.6917165540036
64.3058051016972
64.8472473092574
64.479020173301
64.6507690172681
65.0051273430306
64.5664058655583
64.5348805729417
64.671139051868
64.9718302972288
64.6046187750944
64.9404328961784
64.7883236380108
64.7801556335451
64.9058027391407
64.7078838020712
64.4778497251216
64.0778572337356
64.9981793696465
64.9681779438949
65.1806384502152
63.8557661665148
64.8355545941634
65.5374465208653
65.0477227142964
64.9526236146695
64.8467970808047
64.7911350692562
63.9557595923658
64.7536203847654
64.1686776884975
65.2724451701528
64.736450246742
65.4320721899332
65.2814941909473
65.135964577699
64.5842719043278
65.1729534496312
65.910742985066
65.5894002543585
65.7330330999881
65.5869282803626
65.4599684968789
64.891032384431
65.0488612254704
64.8134381802729
65.2897730358421
65.2127035572052
65.2014126767162
64.7659343106615
64.5702154709764
64.2938549567606
63.6259078008303
64.3474677224342
64.8539174057237
65.4966604288617
65.2823996991315
64.2559909010431
64.9976873946333
64.9319858295445
64.4234339584702
65.0712916652639
62.9212882513073
64.7960754730849
65.8251223160742
64.6052198915791
65.4166266654623
66.1872250610566
64.9426368465763
65.1538758104209
62.840307718713
65.291953788493
65.496592157275
65.3588286501842
65.2709951953929
64.5283915034661
65.6352171381655
64.7717587963621
64.2803875070049
64.5444292014769
64.7189601471065
65.8130739223024
64.0655041478503
66.8821869794165
64.0943656578332
64.2494729899025
63.4068489986038
63.8518840980972
65.4371337373413
62.6091227905029
62.1251082666307
63.0538542273645
64.1455699472126
64.2262237122937
63.7526813817267
67.0735455815228
63.5023317352211
64.0422824609672
63.4288975871552
63.6753542569074
63.4831760996331
64.7387954786591
64.2597301391044
61.6500282476882
63.8461439723326
65.4855486044295
64.5865495469632
63.7413451389301
62.842877737385
64.3510671328087
62.6948844162287
65.8350196785326
76.2860242693147
62.893641603195
74.3599870754017
63.8926929520188
79.4042102419609
61.8408007377951
61.9231380241212
63.4434402432945
72.2691895239087
62.9278627584017
61.4616155440263
54.709443264067
54.5850381052273
60.4882594211002
63.4394995854874
56.9015730504826
64.329280834031
46.5283346188109
71.8082893605099
71.4877770335747
78.2593649563235
71.7518272551373
76.9735183779522
81.3354601065429
78.1621451498626
65.7205941864845
66.4127078112519
84.8723950359176
73.2408830232015
40.9716413437575
55.7957547295391
58.6029969955624
87.3548768486844
72.0632727001593
88.7124468039842
62.7697181734706
37.6710699542641
53.3503979685807
67.3163737567642
75.6468693706908
53.2971174984713
85.5863161075876
64.3129457422773
60.9247264784846
47.9766575976939
55.0140720465863
54.2763240871774
73.5093912660363
95.9707810757908
55.9401304198876
74.6141665740194
32.1070045273999
41.0449465284293
68.0017459336618
