109.55689754162
69.9665290911152
60.6869785165849
75.7645801991096
63.6783075388025
62.7772382382176
68.8332997129556
67.3165647832932
67.2270844111629
67.4138784688998
67.4130086985314
67.0604894308542
68.6962630457435
68.4991512806723
69.3828158310655
69.590407758586
69.8049085571698
69.7536804650384
69.2971190859412
68.8166504418814
68.9330561782674
68.0976287421704
67.1148652828943
69.0252217393407
68.5635239817696
68.5693653724779
66.826436339713
68.1278361614517
68.919256258171
68.2730556925533
69.4202102790619
69.389922595714
69.5492536386109
69.2795235947126
69.3790554294663
69.6721518313995
69.8063930066041
69.9849905292675
67.6636021664803
69.1063185698771
69.3203581716084
67.9483071158933
68.1395744239007
68.0828619269676
66.988535216985
68.3240340365829
68.1061264845472
65.1513122024461
68.6521655771976
67.8093534914978
68.4177864456545
70.331417681509
67.1100695784954
67.9194694819253
67.8696817216867
67.4484111222847
67.4834532296747
66.5368409610066
66.3995422259451
66.1820220245905
65.8342925712409
66.4452491613204
74.5355641797269
70.7768910233628
61.9495590770834
66.922046890777
62.4814396780779
64.892388067635
63.9434892094899
61.1884936412201
71.1988798691756
68.3404649768451
61.6780034293212
63.8568425060814
62.6439998150121
85.0472034770146
61.4002362532966
59.5516410844551
62.0237931126083
83.2073936877357
59.5452434051493
67.8848770501954
54.5174037872839
69.4037499266842
57.2946112925708
62.0689409497662
69.2590269129344
78.726622206283
59.7776848043559
80.9796112737979
55.176744628314
74.7877059330867
62.7618158219657
72.3124029816756
64.3222022196831
59.8488796554707
47.611206744414
71.4595480044156
94.1816514886776
66.1299244364726
42.0280401459647
88.7004820209653
40.1795710011117
69.3130253849652
84.0150299569627
53.563824871833
54.6922485603672
59.1033613177335
50.1212126121878
38.3380560762366
69.5826542811093
94.288976981953
59.8911253635271
68.5191211262754
62.8934766344495
38.9503238072318
95.1615918482904
78.3323857646215
55.4661016623383
78.9561944343337
57.2905948562524
54.9718794955228
64.8703491744522
82.0345181482983
53.6939650728214
50.7555485104476
75.6285987800042
60.2122924721858
46.04121181082
62.2952189448282
65.0993615644708
83.1562616746764
79.4223393905077
76.8869568342407
73.605722664507
93.8326186703883
53.1862412575132
107.20879389409
58.9359117999085
44.1865022011962
77.9795067901474
53.3337618887953
63.7286084176972
99.5516734054999
112.747261994185
52.390475459122
72.2632865517243
41.1980341493394
80.1678128830028
50.5705416447063
60.5108791610182
44.7605420515367
71.2870056075049
60.247657115307
43.8477196891143
61.0892118439861
69.9698056011208
62.3251155801503
75.0111451776219
66.7583859526981
88.5476212175132
87.8971374975162
59.6034413733874
67.9820380588263
60.0009826579096
66.2541725683516
90.2926413521112
67.7885056976471
78.8425958947341
71.4878132065942
64.1615889436501
55.8696767059897
66.150603798237
99.3798313802482
69.9455931167439
88.5958087569356
71.1720232513319
87.6155086240012
59.7217416634452
61.2352410019813
61.9306820512382
63.1481250446901
63.8733109616825
64.5930694079423
65.1766268418705
65.7140965920906
66.1951884745446
66.5913904734613
67.0104093534118
67.4272444979334
67.7006117282929
67.91220389929
68.1050477386372
68.3107599228919
68.3600231930976
68.1669637910346
67.8453306977408
67.5180752793112
65.7889549712144
67.0595891981692
66.6421609535955
63.782700688124
65.9016352217657
65.8553101971697
65.857693538564
66.5278101864561
66.2383475760728
65.4119797745293
66.0371867778666
65.0921915637748
66.1595069792229
65.9698385260063
65.8963783479709
65.2955636295493
65.9421053119653
65.9521259749763
66.0549745925321
65.8015793241909
65.3818360691919
65.6930398309144
64.8804726807065
65.7618822074011
65.7065841241117
65.5973056225091
65.301328218076
65.8293630541741
66.0798428474944
66.2351247762736
66.6908341679971
65.6605120639663
66.5053624780557
65.6787622379455
66.590926281896
65.9576713715295
66.0243432669986
65.3765923378357
65.8258964715024
65.8648208191542
64.4141553044886
65.3348997306753
65.1087161598656
65.1509911351973
65.5656791587473
65.4231920131715
65.1385834188422
65.3698110693499
64.5729311725111
65.1592565615565
65.092969074599
64.0978531629341
65.0295856620739
64.8736572145478
65.0915501290595
65.2029050418832
65.4656945035359
65.3891863081534
65.5241568353595
65.4943026015397
65.7784275841934
65.8891406660364
65.9815136891588
65.8875464217743
65.831073941753
65.9623470243694
65.8705622817009
66.1324139220717
66.1447072764715
66.3044394983606
66.5338832488533
66.8823242185295
67.250011444314
67.9044892110234
68.4270728459445
68.7183300994351
68.8494533001864
68.9427045312
69.0502263695599
68.9652267851633
68.7757896955329
68.5165674763329
68.1627525977162
67.8120766012448
67.5401356398852
67.5501559758549
67.5855852085091
67.7337564009232
67.6340255109672
67.3972575054851
67.1675427599026
67.1910877782849
67.2881589759221
67.3285701525005
67.3501697127015
67.3872848105378
67.2634201697102
67.5016827288675
67.250092293358
67.0923394348931
67.065033672342
66.9723184757227
67.1926823672469
67.5149273453198
67.7902888137979
67.8040746536766
68.0650613157932
68.2048993463413
68.3990837125945
68.5719280967311
68.7397551483456
68.8845624350374
68.8049604479345
69.2769317109094
69.4025490355243
69.4477255532802
68.827828683639
69.1126250608727
69.188792508684
68.8945287528738
68.6829352794188
68.4212271143511
68.1241816033112
67.4728949891626
67.5642313160014
67.380612903676
67.910131304754
67.8782032186673
68.309674008117
68.3692740244551
68.4197238921674
68.3573766496433
68.650194983702
69.0972813566536
69.3418767773435
69.515648921363
69.4502066361677
69.37560239903
69.1340099745028
69.0337055217311
68.803824402916
68.6455499894829
68.3892998536408
68.0968436380441
67.4283420176741
66.9220744837238
66.5264055930573
66.2064355322919
66.5074535019328
66.8435602484894
67.0989854737251
67.2383190338507
67.2937803891158
67.8226699877448
68.0412631697041
68.1077227426757
68.4521907115156
68.0593894639135
68.5154499916725
68.9193206413049
68.9204614944762
69.2260632878095
69.4913040489603
69.1338009911429
68.9176258513948
68.2029145957407
68.4598491429878
68.2165115811742
67.9556845515434
67.5353455490409
66.755021124617
66.5862299642013
65.8625170288322
65.2996811629243
64.7816044344028
64.3239891332676
64.2596453150801
63.4365154671829
63.4192043107053
62.2842113530867
61.9346190343395
61.5469726541683
61.2060291160903
61.2137211044593
60.2768836577637
60.082727386492
59.9995009358368
59.9396875667556
59.7365147752781
59.4775432649267
59.188418981527
59.2810353286061
59.1054335910124
59.34390306785
59.4897200999514
59.4838025641565
59.7632319208066
59.6569091687451
59.2848031787516
60.2613997716976
59.7598506664944
59.014453753557
59.9553530186254
60.0136078882473
60.4803881310479
60.335149929406
60.8451062501652
59.1535068730247
60.9746590876979
60.7710833038955
62.5166860846421
60.8519041050362
62.3543947091674
62.7782439051326
63.0561705907875
64.6765904789539
63.4756295479282
63.5876137472066
63.6930273151221
63.6409388885328
63.6839469857306
63.4681743419775
63.7307585615813
63.7276120606429
64.1539339299382
61.4010620640244
62.4053754501248
62.303437685866
60.3507068176744
62.7301146479463
62.0329944525085
62.4614928695735
62.7964193489807
63.0897861310604
60.740882452698
62.8781048556482
61.825490894936
61.7139315867525
61.5688986256227
60.7085622986512
61.4558855856565
59.4443376301088
59.0799605762678
60.7813386566263
60.0485930846315
59.5925802621037
59.1644154999952
59.3945009907779
59.4567996347619
59.4451861216863
57.4911954519553
59.4141155566329
59.582329806757
59.3576643156426
61.088816015204
61.6807043436171
60.0120602679662
60.1161396350093
56.8259532981461
61.2079598297089
60.4086396277612
59.2079103867887
60.611712677502
60.2949188657746
60.8382023506664
62.65685227014
61.9673503564049
60.3190284395274
61.1069478988036
61.5075862263938
62.2833406667186
60.4117059469553
61.830191249569
60.8381301641348
60.3512162076076
59.7808956336333
60.0651063066012
61.4449933310955
61.1297762878911
61.7265337894227
61.8710645765511
58.7407951127247
61.2154140100399
59.9035885593102
63.6549989466433
58.9919342339452
60.2377661597719
59.3646542896546
59.6362492463417
64.9659486736048
61.014969111933
63.5898974982107
63.6783190215995
62.3400189381321
62.987815983622
63.9091613800664
64.0753545200871
64.0908402208161
68.058720789194
64.3816707042964
63.3006818579048
62.0208762099098
63.7731280774032
63.5418943294733
63.3259502138594
60.4819141493903
61.8741357312675
63.6574470498138
59.3494965419128
61.0623336952368
60.3768343627036
63.5699540215439
64.6958000424119
64.3076512682248
59.4896263112456
60.8309752249925
61.4173607991759
64.8692297662557
64.4863895293829
72.9455968528921
67.5060553166519
64.770721989596
63.5100607748484
60.8802204518205
63.8281237881189
61.6653449074428
65.7326433527923
60.5450237694467
60.0985226434239
69.8567490196694
65.950050113952
67.1931453434635
56.3865971955018
64.4764381227417
52.6193671655559
76.47336942986
59.3716911703119
54.7515083805754
67.9346558599142
66.5121985953239
70.620517016942
64.2249429650559
76.4284231066239
64.1072827689971
76.3793128747465
84.0556733613099
66.0375334981554
56.2730206202517
62.5429889793337
57.123060201857
66.3018018586658
49.581940334644
57.7597937818652
49.6716058605068
87.7522846441896
53.7485528792234
78.1109523970799
43.8932395819894
58.0367437598618
41.300821555534
61.4778591068573
95.9842205250027
82.3900614922254
70.3987293126311
71.4845885655789
81.7202227028247
79.8001919780808
68.5883012753119
57.1895336455216
61.5565655868777
58.8750106242422
80.7550178244172
58.7922437123149
89.9705818347462
49.5960036711314
49.4644743577248
78.1969565928857
60.705850894319
56.1847398128384
73.3089274509873
98.2426702040776
84.6481514633391
55.0597587750828
58.6828211720292
47.6760610117283
63.1784171455169
71.9468896177318
58.7080218227504
41.560883115218
61.4538488460067
59.3602284886954
48.0906808129361
40.5521428787706
63.0535579491013
72.1476621407823
82.3472729078044
55.4102519473862
34.7999673524708
74.4015488850832
64.2559460202837
57.7954641872751
95.6709808151707
60.7025299578865
50.3940425928056
83.1294090922391
39.0341617262298
48.8418917920284
94.8508328974845
81.3764930862231
65.3657675361403
48.9107051339423
63.1023153184941
74.47251578494
34.774517553223
47.272925506365
57.8382551873301
49.1331654338288
62.6603320194511
75.691597069815
75.2604256786412
75.9808518954454
74.754194715505
55.3786236219069
51.1421482228228
86.6975682941057
42.9865612018224
76.2997915443194
71.1449207310316
62.5264035384802
53.9942970523566
65.8864342004162
58.1325711407725
63.7914514303231
61.523037996087
65.3276094886478
65.7227037746746
68.6101961707952
67.8361855086898
68.2305997923412
69.2491503443593
69.3130416763956
68.8654362833639
69.6917194518432
67.8243902695223
67.7428698444917
68.2563412920251
67.8376660964315
68.8176057207229
67.6593637583318
66.8812959723628
66.9301743723783
66.6949632856324
67.5692752509601
66.1601625847984
66.2627904842632
65.9783380672917
65.7276177270666
67.1069395682687
66.1927343758674
66.0001264574485
66.1738452827946
66.4006283143431
67.2500751364839
66.3341068939921
66.2450038864141
66.2059904412878
66.0855187852099
66.7724509022721
65.743459675195
65.8483151969406
66.0365285514431
65.7259076122431
66.6419918316331
66.0186756443514
65.5536451103296
65.7395747831358
66.0462618504137
66.7562631207457
66.1581328484127
66.1011113335811
65.2274633410634
66.3062769508632
66.8629302225249
66.6416147026968
66.5314556788415
66.1116062325009
66.3115134170499
66.7580415778598
65.8705558009879
64.1514417626462
65.1875607198277
65.376587628752
65.6599570192737
65.1732189595555
63.222830420379
66.109390156105
65.9031699809947
66.5768042878792
65.0954133946631
63.5434376718305
65.025944120339
66.178121002889
65.9933301019774
66.4273592163643
64.5794202907224
65.701222654822
65.9827569735616
65.5296883038497
66.3970447427798
64.6081311952044
65.5338099359159
66.0216393683439
66.8248198067474
65.3786506331485
65.6139965077918
65.9197493876229
66.9339027276062
66.5001186121843
65.9471020051496
66.1918239223165
66.7240540274546
67.1513922399658
67.3453825346871
68.1345545642391
68.5535567207963
65.3546897947324
67.4569515637229
67.068267483386
67.8076374064781
67.2256316769583
67.2278149184486
67.0508507517282
65.7651112130984
66.1355552498729
66.9981814268899
66.4292609488364
66.5059071333205
65.6827444558626
67.1262850023819
66.1015938506266
66.6482749999077
67.1523052058828
66.1417229843698
67.2462085945492
65.0237443906377
66.8804549186015
67.7623275824141
66.1617734304712
67.0903828354732
66.6819884041521
66.5308911375371
67.5650150725006
68.5355655518476
68.1671729811476
65.7890110368316
68.5111850323543
68.6767454545729
68.5236663444458
69.0475871369492
68.5113182775325
69.6769768516008
68.4892402293733
67.6614454413132
68.6479648605508
70.3562590095208
69.1461651428884
70.3177007791102
69.2894107406545
67.0190535671817
67.5652819397508
67.4923199164226
67.1802012157903
69.2189800039793
67.5878010881406
67.4437816249554
67.6115044330066
65.7503136875945
66.3900336696026
67.1445198200497
68.6615669335242
66.9678552278345
68.0513303181815
68.8471973256548
68.8440838525523
67.0798123649852
68.4036250740257
66.6730482068361
68.2593829933636
68.497925794798
63.0698808619127
68.180382071898
68.0861614918483
67.2281332461331
66.2987188232085
65.6688188571757
68.804392345404
64.4814729439042
66.1554744169308
69.1169605186039
66.7844848502289
66.4985768550725
64.9108447747641
64.4353795325541
66.041766236946
65.0318640992984
65.9831132830791
65.2372837458199
65.6198299742258
67.9295393370027
65.3500036996847
65.4892193315711
63.3104131820399
67.1942048017909
70.0345950775527
68.7060878434077
65.5607459885642
68.5589948958297
64.0272548243504
62.1291468414254
59.2077573627019
65.0179569409858
79.0258851641959
60.3639097669491
70.3044576967088
67.4372186581787
72.4036573924996
63.4209872509559
59.1887681942312
62.1993080686483
62.6291086291851
61.4699240060802
54.9325215695969
58.2548068968363
57.6246997111682
45.2853308067025
65.2297456858178
71.2008532120175
55.3452009120207
67.4892284646042
65.38443998291
78.5862185375846
64.5798005020366
59.7021473896706
70.0159042470807
73.5289811101127
93.2703533881704
69.0941614997729
74.6656754526529
55.8455524587425
40.1085774537701
79.1460580528392
46.4070618304524
84.1540434737935
45.9707544460445
58.0125283975811
74.9653699606256
108.617949522742
82.677061727028
114.520846224656
43.9007113503713
100.620005728745
80.1409166698381
38.3253652805919
91.7180879638732
73.0646523801167
78.7962658109763
80.3864872725025
33.0276054022046
46.6474667523918
41.4772884090855
51.1067913113308
54.3888675858054
58.6985611973177
50.7096171718298
61.7561390666956
73.4580110447626
79.75252671261
84.3487505598418
71.7068450686198
76.1733521445542
77.9684994148324
55.3064282213797
66.8440628116872
82.1414128768311
66.1132942886741
33.0573230222657
52.4599025508098
61.4559750759789
84.9606270074872
69.8828761705789
84.6533442425191
48.7928854819436
45.1506686479178
47.4125794170423
66.0577058137396
76.4187806575607
53.0863517935844
87.3054950860219
78.6959755167977
55.0012765363486
46.263267157846
48.4607115978949
58.6070936531222
76.8996406136526
93.1210317650928
55.254909592761
62.5587465545546
36.4598622016605
37.3032816196743
84.3236904443875
66.101127864131
54.233606916166
72.3321896265035
86.2000073796659
88.1055898160142
59.0975473588447
85.1007368086183
91.2895056382729
69.0669134599694
76.6404985598402
46.4129855140461
48.2201358144817
56.7338502437504
54.807110041113
56.0260066719613
58.1602757626511
62.750028458589
59.6859301590613
63.402718304916
62.8150427888086
64.2758962669026
65.8612905727232
62.8429729845796
65.8307578118428
65.387875512411
61.5221707992456
66.105648661142
66.0930926085409
68.1507221927497
67.4668014332035
65.8768596511839
68.1789107075881
65.8381521195968
68.3904814265133
67.0442844340673
67.9798058764747
67.8576828640255
68.6068409737175
67.8171278858904
67.3003028602136
66.1442097609034
68.4794037569586
66.6804799724091
65.0701788449121
67.6781693398647
65.5966210554569
66.2293529672915
66.1627891041218
66.1385852934578
65.5574549725515
66.1035256429036
64.5884645820411
65.6204717864262
64.4097569391733
66.5992974857742
65.8911443810221
65.6998013739603
63.3500193324884
63.9764830392249
64.7577276352502
65.6922892268869
67.7566757745305
64.7899295691349
62.5224959488322
66.886238905672
65.0092809209783
65.5619235918373
67.7857810126508
69.4293388652912
64.4230883901342
62.4542393469708
63.5879347939907
66.5734722718299
66.6734910516819
65.4818557739434
64.4315023649114
64.3403762326315
64.658433871186
62.0000858231373
64.6530927141616
70.5751104738449
71.1518176292991
61.2228649864194
64.2056147588567
69.459561666084
60.290307557644
66.6328614582446
66.9336137310577
57.1567726167612
80.6965555251018
71.6419377902903
77.2828790073944
61.8639279072192
63.4930234177435
65.258883756925
59.5167543562739
65.1191548428282
64.7606996330991
74.7833721723076
46.1810510745879
80.8187010859292
53.3762683355882
61.0583749799497
94.5069456841585
49.2929394490292
60.1802887375715
62.408159201286
68.9561321424952
58.3566263708658
65.1397828107383
78.1951830257469
77.5852850653495
70.2690410806783
61.8666623959792
40.9769370937765
99.6850951584511
77.4307979335557
55.5169110514656
79.937364533577
58.1273772140531
54.2646232656408
66.4179494207993
83.3516978310927
57.8522837110282
53.7222357305728
80.941871008384
60.0275688564882
46.2043897399948
61.4327873456529
66.6586157272655
83.3600055036709
78.6153868492462
72.0485340579939
73.8365687008896
93.0754661335735
52.4216443132047
111.197295810394
59.0382122776093
44.8783652110053
79.3019152425808
54.9308007676869
60.4601287783416
103.698605283937
112.045847573423
51.5102692728381
69.9157598182026
41.1545984084534
81.0929909512924
48.7415841054081
59.5041587413393
45.4720108907646
70.275744784477
59.8620441858954
43.4497112602723
60.7987743472778
70.1225273003794
61.984302757795
74.8124221265986
67.1508789816895
88.9485733441712
86.9632208513354
58.9447657617604
67.6062223234577
60.0116724556485
65.3706599502796
90.2390599211729
69.302194422259
79.3306132976879
72.4421785235522
65.0835215141733
56.1968482192533
88.9116075761222
61.4198322186442
62.2873071037398
64.3420891507589
65.6525673641162
66.9233200929496
67.99007496706
68.4702869091879
67.1613830331502
67.1619075660566
68.3363694372459
67.6243142357655
66.9357854833376
67.6984428272313
67.190001966369
66.9753521600907
66.8680959182877
66.6392275998768
66.405264492783
66.2430053153733
66.0000184297099
65.8842410125899
65.6747870363844
65.6144496288656
65.4893542033907
65.3712273057913
65.3609575360476
65.137700365745
65.145038951888
65.0641764478641
65.0822394653492
65.0875119918259
65.0553941879764
65.1295462178405
65.0498710836224
65.0768187971119
65.0479928678958
65.0688455339664
64.9875941730559
64.938672706825
64.9614615038942
64.7916627298641
64.8787738829692
64.817061753616
64.8817163655069
64.9152902454203
64.9918480502978
64.9815450862824
64.9142084526627
64.9974788271906
64.9581462512921
65.0613689984407
65.070263334955
65.0174507967432
65.1537621514843
65.0641027864037
65.1367113703634
65.0714305107131
65.0814802288686
65.0513474895654
65.048773671388
65.0615970067263
64.8451867758245
64.8432646555405
64.7427556416611
64.7359080181388
64.7518423689463
64.6866750812341
64.8139078110715
64.6899409503225
64.6093281224667
64.6405172941188
64.6680958268536
64.6333633555441
64.5806272883696
64.6917436457519
64.6380192664779
64.6693561625441
64.6689144548774
64.7168486321247
64.6891059935383
64.6052754808132
64.7582165284029
64.6536840194321
64.6593712938671
64.5915251632527
64.6446572138084
64.5770340007161
64.5803954381023
64.6183894839349
64.6417993486841
64.6289042323211
64.7621067132283
64.9464049564828
65.0746978682165
65.2426965479974
65.3590785528367
65.2628715055896
65.3522446758705
65.379256458993
65.3956484010864
65.3287100230916
65.3098335875779
65.2993537729949
65.0882845824306
65.0782112649728
65.0348391813077
65.0965483428673
65.0883998808862
65.0981917040662
65.0932217831939
64.9061621162808
65.010313868311
64.9343404109714
65.0112821396864
64.9556755050076
64.9820320265105
65.0630257371771
64.9166485752221
64.9210401932544
64.8471882884009
64.8805701156466
64.8378768684885
64.672768096123
65.1558625496804
64.7806904776435
65.0262705917677
64.9259655636695
65.1534254793614
65.1227769025181
64.9185327187338
65.3930726258976
65.0304285208181
65.2487037387525
65.1801533567683
65.4304469023463
65.4122660225276
65.0590900741323
65.3192819898639
65.3105418038007
65.2932254728853
65.151445024892
65.1751026526812
65.0915754013487
64.8722154775916
65.0706448602765
64.9125468831909
65.0618833407439
65.043176486202
65.1837980703186
65.1783318526492
65.1403155466092
65.2499959942579
65.1477089821265
65.3271549997744
65.3896527009757
65.5055246342732
65.4443519619175
65.0816517015778
65.2759096259537
65.3018196022352
65.2567115908514
65.1884740601842
65.1746966449515
65.0682088865556
64.6364247150501
64.8228489261323
64.8161115791961
64.7581871002712
64.7267268725475
64.8502562385579
64.8661413827705
64.4888874751841
64.809086325991
65.0506264151733
65.0857203941846
65.090191867843
65.2129844721685
65.1517658944908
64.8255243216539
65.3055372568039
65.3274146569855
65.4240913329626
65.4916364407618
65.5010394274083
65.3898586361579
64.8196725524552
65.2643578864191
65.3120675182765
65.2465813801622
65.1551889345841
65.1314985987504
65.0607111746915
64.42078040846
64.8227270574075
64.8177143988671
64.8478723881034
64.7021384141888
64.6665328119068
64.6056168958017
64.0318171455837
64.4277969994042
64.4669404836347
64.422968334285
64.3332125143936
64.2568472020264
64.1833439666746
63.5854254620019
64.1368435226126
64.2452561170847
64.1334024601746
64.0424980887711
64.0435972081493
64.0371877922654
63.6201167565043
64.0684676701248
64.2052287999941
64.1974551135606
64.206057133438
64.175286204988
64.2411907051416
63.8765467642415
64.1650246797081
64.3026122322186
64.3227864786568
64.3237969607496
64.346941940707
64.3840096050027
63.6431819618083
64.3464907936055
64.4872370479405
64.5458697176448
64.4209711914086
64.5838798172554
64.5945670254188
64.6059050393679
64.7080903684597
64.6016758300289
64.5974600470037
64.5868559076973
64.5605861395847
64.5375382686324
64.4961466201448
64.5000290079196
64.4911560046549
64.5299952481268
64.4189872937394
64.4403696431489
64.4211646030022
64.3680208422064
64.4245002791195
64.4448406443804
64.4601973504067
64.4865617623299
64.5033945908747
64.3914113761428
64.5702172886923
64.5178413611092
64.4447718446105
64.3782567208984
64.2651224298095
64.1832594715794
64.0261657226466
63.9008367880652
63.8857696537286
63.752783486737
63.6642251110568
63.5571615586551
63.530637614993
63.542517646558
63.5721864341458
63.6159249522108
63.6351779065224
63.7217564038261
63.7230401304258
63.749433819587
63.8483419844188
63.8503190222576
63.8407610835457
63.8731643043499
63.8038464451332
63.7384274863798
63.8200474042104
63.898024874176
63.9583669988148
64.0251382606048
64.1061151070299
64.1266350029218
64.1339681975884
64.1928678041789
64.3142691124278
64.3071059099914
64.2657517976353
64.2488484356513
64.1032860451576
64.164481707284
64.130880316546
64.2807457948413
64.2506811831259
64.2982237455151
64.3063261977643
64.3273203282891
64.311957322385
64.3418290060525
64.1517714258352
64.2847145737622
64.2641376306458
64.231309413304
64.2905198024359
64.1835137986643
64.3363850189172
64.400103799253
64.5348142134873
64.5431317619802
64.515563506127
64.5055268111053
64.4884678903647
64.5803571788476
64.5583776926992
64.3792530305548
64.6039640892992
64.5528882924448
64.4811557252242
64.5304642498003
64.5011049505656
64.5196524548166
64.4258492454016
64.5330980192199
64.5082686518991
64.5505103822341
64.5394995319306
64.7097353441051
64.5014202754113
64.5762007576171
64.5526334218545
64.6284055830843
64.5018168136672
64.5684449180618
64.5783402414478
64.5814623495336
64.4617101379535
64.5714848124207
64.580507064014
64.603048696441
64.528647511084
64.5466684082512
64.565281921255
64.4932658759958
64.4788754519095
64.5191700864337
64.5659927709953
64.6356195546679
64.3458457913374
64.4329730539372
64.2833331285587
64.3549648125216
64.1341651649912
64.3044697303281
64.3254921879039
64.300456121863
64.2505149363959
64.2401857616618
64.3134698676878
64.26541135384
64.2803641011488
64.2901624010646
64.3669279770755
64.3764997617134
64.4661003302645
64.538262801352
64.6431239667423
64.6577780285411
64.8623881543213
64.735955859327
64.7763029432462
64.6515694205279
64.805586371667
64.6191287901946
64.7141316343629
64.6780044195459
64.748455014001
64.6789794394911
64.5406881640841
64.4857735760586
64.4598764714781
64.3844137738613
64.3992150807213
64.3829466270224
64.1893097749944
64.3224899004571
64.1487790057001
64.1927438040386
64.0318250264632
63.9988208380909
63.2334571930242
64.221768203136
64.1459143692032
64.0235890000942
63.959363831862
64.0867112287862
64.1131126459546
63.7901344073106
64.1886164111782
64.1591411325253
64.1333407858752
64.1620700540631
64.112017511378
64.0032463058857
64.1435952890156
64.1583679951245
64.0649139809284
64.0912078715111
64.3030768387465
64.2476354362553
64.3951595955533
64.580866469698
64.6430267678505
64.6337932214453
64.8294464311877
64.9471204233545
64.8794674506567
64.9283155137258
64.8030894219673
64.8227274730809
64.8302280385424
64.7393841588924
64.9701914837857
64.8502051425541
65.0187133727487
64.8990526611483
64.7796649656462
65.0826303092679
65.0237955241494
65.1409058988081
65.3462554639085
65.1447463186736
65.1664508911349
65.1555379160314
65.1680294333702
65.0179143535687
65.052892021214
65.2644167139531
65.118943606489
65.3512327370195
65.1746451251879
64.99686770915
65.1813196767867
65.1413060963251
65.0305659983447
64.7658286414228
64.9712353521654
64.9428011992235
65.0853844011892
65.17659932939
65.0769009954115
65.4803621953345
65.1287024662061
64.8538827263754
65.289001666698
64.9872499434656
65.0792550293477
65.0048717743313
65.1226103997181
64.8307317725575
64.8015325117153
64.5734602936847
63.9915558762355
64.3962848222353
64.8512721660334
64.1943097744192
64.5464982826243
64.6203195195714
63.8147631385698
63.7307550657254
64.2380631737672
63.9076504068564
64.5685208009986
64.4389122052713
64.5039239681188
64.4629333174394
63.8783608662751
63.8915009110733
64.7963706564814
64.4877492524387
64.6987946941167
64.4534733627786
64.2511009337926
63.2959867847386
63.9225036080648
64.9061457868125
64.5202236244621
64.4196247114971
64.7011949614763
64.5172334378745
63.8689336316059
63.9672447057271
64.5836265087743
64.460894606056
64.4459591025528
63.9408240450164
66.151084023804
63.3971191603622
63.6507141195679
64.3401839344924
63.933350055642
61.7738840785072
64.2505892879249
64.1545463182707
63.1775530096684
63.6111663208558
64.380032868147
64.0233125470616
64.959658520912
64.3240350639685
64.6802922696017
63.2668947139726
63.9040586251336
64.7847325163671
64.3508855427487
64.5060541258451
64.0975280709788
64.2391269657217
63.160176496516
63.6791889488732
65.1744527120342
63.3571473304712
64.1642555637573
63.7769654608888
63.7846583349535
61.6423907293818
63.4553803891979
63.4739595932017
64.0382873096712
62.2872810235559
63.5077029675523
62.7697017725849
62.6039086895116
62.9676045957242
62.8239324872745
64.1549375160098
63.5677009233567
63.8550291261044
63.1741725846111
65.0994461576603
63.1183796066384
63.6329376632714
63.8080936892927
62.9702561914701
63.519401067516
61.5286881685979
62.6809399615653
63.6578613932971
63.7232868445839
62.9055333301439
61.5985446643942
63.4146993693431
63.2684777644148
62.5896498219392
63.3984996639983
64.5930725600177
64.4114863861014
61.8344035073072
65.0718544703361
64.7243531102727
62.4463030238967
63.8972264712311
65.0094979385423
66.245649341392
63.8676149193361
65.4350652228597
62.0635751288551
62.9986546664782
61.7196641879594
63.6834787558252
64.9078723349064
69.5144524196244
64.0481160923268
73.6492281617611
63.5916235546186
63.3169031317642
69.0775468705731
63.9735753359499
67.4332443356825
65.0083542655994
63.7553105539276
61.5622557664588
60.3441200469652
64.9362144820095
65.7793797168288
65.4674617479199
66.1197612636454
62.3412114025423
67.3498059858717
62.6530367445512
66.4101978704888
62.3037151902496
67.5772811736603
65.1124224364776
62.6728638454632
61.7790518436587
61.4144766073264
71.3807389096617
62.9705081349911
62.8579680065603
64.6245515232365
59.9833522017263
51.1428902647373
71.9774771841444
87.4699173213731
57.3053734819287
68.8050649404952
58.4358422770566
68.4765896469129
68.1362042877742
72.4968158886874
76.0509454505772
49.7805497217578
70.9022501003752
54.0781759702701
55.1697675113606
54.9367128303494
42.3003582035604
70.0434415506301
73.7121719850616
65.0228519839685
59.053974743256
56.6680469501283
58.648963620096
50.0842059095989
49.3462087148972
45.5115432185708
90.8224325673787
78.9324415758534
41.4456538301052
76.9062694264053
60.0365606748702
57.0240047292886
49.1151080873306
76.2045690995327
53.3960299211473
63.7305144279169
61.4383721893318
67.8891310925215
44.7683811582658
67.223272958049
39.3286093826626
86.8577783997711
57.7088338695421
75.1229412801018
51.0427553331978
56.5601703883878
62.8920257636373
62.0086699738912
65.0886483283661
68.4348795070664
66.5329752525273
67.6172563803699
67.64403042861
66.8933537201644
67.4706260475433
67.2638018218669
66.8778406286988
67.2409320436043
67.5703321290933
67.7261121065109
66.428685319771
67.5498679775285
65.914127018136
67.202674676915
66.6413028545445
66.3622669098653
66.6854382551734
65.5980932045762
66.2409061846506
64.7624610036216
65.7743197894584
66.0280645649605
65.1574469949519
66.4921799305404
64.5086372956024
65.8239704100266
65.9356451819736
66.5029317949216
66.1347494644256
64.9582501830243
66.0635602359709
63.7812476778179
65.4793149156047
65.6582446140273
65.1380055760272
65.7679169105292
65.4175612624895
65.1126964241319
65.2094185161295
65.2124188554126
65.5288072816887
65.2370370492821
64.6859365651105
63.6356822949891
64.8604740028626
63.6773987498301
65.9790487074541
65.2149061297779
64.4742765387462
65.2108500816295
62.9956044804095
63.9815705134397
65.1890823480401
64.401531451705
62.843397934072
64.5496794153027
64.7627680380135
64.1783369928027
65.5384005074632
62.7897475912307
65.5299714739443
64.1369842630155
61.7146847810426
65.2774625245452
65.2455932474096
67.4679886679963
68.0526734511826
65.2725180709569
64.6294579947465
64.4088107241663
68.9232301039193
64.9837075553167
65.3739625242545
67.2201317456804
60.8480143997389
63.5565094994323
63.5565831165842
60.7345714014431
63.1065581342328
65.9186047766576
59.7945688061784
68.9974253650803
64.2720539416755
65.1604381719342
65.1017564445756
66.9601463227958
64.6740478092999
58.6813557991858
65.0689806272618
79.6880711883853
70.7347988605496
53.3393556558632
81.7173945266406
57.0293275947929
62.910350241419
69.8507205849226
60.5695779048427
69.3941746734353
68.6430258843119
61.6333748498704
42.3555100787257
88.7826915624788
78.8764724636066
87.3681362225738
75.2205121184306
68.0137132403345
96.2536575998975
89.0989015818764
91.1109629949078
109.603715273794
91.28951562483
98.8223763987052
91.2895077177157
81.16510861952
44.9689188610919
91.2912981979647
91.2895055948209
91.2895055948209
91.2895055948209
91.2895055948209
91.2895055948209
91.2895055948209
91.2895055948209
91.2895055948209
91.2895055948209
91.2895055948209
91.2895055948209
91.2895055948209
91.2895055948209
91.2895055948209
91.2895055948209
91.2895055948209
91.2895055948209
91.2895055948209
91.2895055948209
91.2895055948209
91.2895055948209
91.2895055948209
91.2895055948209
91.2895055948209
91.2895055948209
91.2895055948209
91.2895055948209
91.2895055948209
182.582921850461
228.391174823102
181.207630657411
178.420529120344
174.929238606973
182.779247703055
147.867357356489
168.823588826912
162.901599225342
150.78729265508
140.386044890662
105.271662041533
126.234005797297
107.181338220747
98.4688432327583
100.1041125521
89.0418488839533
82.4983703259604
76.5819050778479
71.1012939364144
66.9152115824706
63.0487898776304
59.557852114896
56.3863252211726
54.0707211824353
52.3323879695491
50.2034789017357
50.2123569716368
50.0330582147716
49.5606443251169
49.6161826710629
50.3068231544462
50.9610407190885
51.0962626506328
52.3777582603662
53.3077907707478
53.5375171385993
53.825399182009
54.3596828772064
54.6493033166585
54.8511407087518
55.5882824140409
56.1637695937312
56.5871194727721
56.9391785055135
57.3790120987387
57.9446229274666
58.2449975557511
59.3152569644441
60.00366467264
60.2762306599229
60.5742170356121
60.9888374670393
61.3545266239126
61.7129366790114
62.1629567814403
62.59064674861
62.614790845877
62.7817729183221
62.9060377607258
60.7310986711903
63.3471876569906
63.4979795341968
63.4981601152011
63.3130262706643
63.3756646481599
63.5164640627796
61.3672705847068
63.7882315381212
64.0153248848686
64.3741513065238
64.0461275754848
64.1165233122113
64.0994221848838
63.018084639397
64.4161389784541
64.4339124208218
64.7342719088414
64.5490717984195
64.5749474710701
64.6989229818233
64.4582310191148
65.0407214128238
65.3180047661163
65.4355820321958
65.3036829714921
65.1710203305117
65.1977458175144
65.2600515788815
65.4646179231606
65.6735270472872
65.9462131545723
66.0856260840481
66.216211986336
66.4312220239524
67.2290811228962
67.2658198568997
67.4097976857918
67.5031119853137
67.2561177066967
67.1882673582315
67.046135673192
67.2688700490965
66.9653886929767
66.8977764707836
66.7266988649337
66.534842291886
66.4814216347015
66.4436070329007
66.6151789362898
66.636833424092
66.6468237984629
66.5649790601933
66.4648121587225
66.4070086796999
66.3577282853402
66.3827684969925
66.5401493829966
66.7218879323038
66.9144961881532
66.7691939443001
66.4669984465387
66.3868819200998
66.5748782734404
66.9402487451475
67.2530889282237
67.4851539798509
67.6015620601074
67.6747585031065
67.6316148817528
67.7625231954129
67.9766091733215
68.25451832213
68.4428227050367
68.309983336081
68.1953335826426
68.2947297998145
68.1073592080543
68.1074215689562
68.1134071198926
68.0733944793171
67.7251977323905
67.4996238519867
67.3418564585576
67.2042152502478
66.9814092837368
66.9836527102059
67.0974569048539
67.4435879934885
67.6639556355071
67.9192363902575
67.8850799910729
68.1094405971629
68.218212922427
68.4236943991916
68.738506958388
69.1240462323053
69.2733169601146
69.1417044315963
69.1425341260502
69.0711265167983
68.9432069312744
68.8046575679393
68.5534286140535
68.3405631864989
68.0412378912974
67.4947983301501
67.0250804609803
66.6918534845388
66.5513678906941
66.6634441732041
66.8499312966258
66.9295352583202
67.1191033025796
67.4057192024978
67.7808955428728
67.9982972113688
68.1542970235741
67.5298526848752
68.0944188606136
68.3213725553877
68.3328206545155
68.1598942798383
68.1715598143902
68.1440104172712
66.7613646892107
67.6241615694921
67.3636932183322
67.2004701255111
66.7507729129338
66.4131577500331
66.1442415197391
65.5320087518891
65.6540421443788
65.2865582778814
64.986632950725
64.3956755268522
63.9702561691866
63.7501323783927
63.4969411432252
63.0705785394093
62.5081465131354
62.1722388450848
61.8799376598762
61.5715625109813
61.2139224122968
60.7963826882567
60.6037105727988
60.4468208502161
60.3457484981209
60.182084401211
59.9268844479796
59.8142220215382
59.773501349098
59.7225725850441
59.7356497147102
59.8105638368814
59.9047415264825
60.0073315078073
60.0522608847041
59.9941149623148
59.9479425071795
59.966308898132
59.9912769416723
60.2876032241201
60.4596599794705
60.6286182420839
60.7018550627884
60.78209791086
60.6866442597016
61.1766458203488
61.4598553849427
61.8213057888393
61.9446412075029
62.3466686348296
62.7120352201367
63.0585497581499
63.4074726025197
63.4809696766223
63.5700673121233
63.5962567696675
63.6464455980736
63.6415622583951
63.6130488100363
63.5948934171104
63.4531752454592
63.365074618709
63.0822899285772
62.9994887865008
62.8414917713181
62.6559241186188
62.5767785589253
62.4660764571629
62.3885812920477
62.3601804909463
62.3442184886126
62.1196331619354
62.084847318834
61.8556683529827
61.6328965960724
61.3086791376392
60.8603103312954
60.4887398641668
60.0184436006986
59.6357426688072
59.3592069748485
58.9962176305617
58.7806956892483
58.581299692738
58.4855827466951
58.5142550669135
58.6326433772959
58.7586665873901
58.8779544536847
59.0901975049338
59.1854735018992
59.2586675730962
59.5190425426871
59.6048742694402
59.6295319198498
59.6690898779179
59.5154271317329
59.42905177661
59.5027798100574
59.620178884272
59.8365923632116
60.1273118876228
60.3870623805767
60.4496473513496
60.5386152965259
60.6413618481041
60.8331902161408
60.8265642758543
60.6670990517522
60.5395420948895
60.2560207925503
60.2591989987498
60.3290038105501
60.5844193309948
60.6281171808805
60.6995873880141
60.7271721159034
60.8003907936532
60.8898222658267
60.9386005453868
60.7261058481601
60.8238199548205
60.8107304215644
60.7749290504783
60.8245009356191
60.8928312611501
61.3257713993708
61.8936817013063
62.5364550033816
62.883933188776
63.0877919651136
63.3002635464963
63.5277041507181
63.7472205418603
63.8215057695396
63.7955472281008
64.1638313631715
64.2000640551117
64.1381033708696
64.1490763026496
63.9963658337801
63.9503842358679
63.8734304733614
63.9070573437208
63.9289132551628
64.0591056291334
64.0586900001908
64.1652851521076
64.0366237396417
64.2381900380491
64.316955647348
64.3784236089448
64.2752807361391
64.3268789703151
64.2654987907207
64.1936032197016
64.024775461431
63.9965778589311
64.0266878806633
64.0768127727371
64.0086577602368
63.8799310761748
63.7163424009143
63.527944700321
63.474128929568
63.506021713988
63.3903343863202
63.1740264490504
62.5236686201077
62.2098976211921
61.801154706866
61.7517979226367
61.5286729832807
61.5314656660017
61.5769482464523
61.4088738200372
61.4238802012589
61.5905158367641
61.7463888980736
61.7449094837117
61.9071420080109
62.079316303211
62.2866457228505
62.4244091651928
62.6031246891733
62.7823599045701
63.0215184044269
63.2108605465216
63.4544170824993
63.4347048626455
63.541204107677
63.5190109623942
63.6526100656956
63.4426657877041
63.4370062047664
63.2891233103172
63.2981687470482
63.2373210429304
63.0406573221731
62.8462798818106
62.8032210546161
62.6425656880459
62.5043887784428
62.4068631488412
62.190100130467
62.1965590905267
61.9634060134255
62.0850428339647
61.9815331978695
61.8865220144483
61.1952728138726
61.8425226672405
61.6705931321821
61.5313298979862
61.4584684284358
61.523340336222
61.4742106318936
61.2150316019022
61.5171508703294
61.3873790986699
61.1492216627666
61.0147676737621
60.8695497558824
60.9059787525844
61.206770534508
61.4065216038199
61.3291804338895
61.4819151593813
61.7976707909107
61.9239569243663
62.3032237417108
62.712542324162
63.0728731582805
63.2754208866973
63.6296858088565
63.852249827043
63.9937080756455
64.1352093589132
64.0457614764468
64.0354482146891
64.0099978622061
63.9504243123291
64.1409382350096
64.0898442307622
64.247311308923
64.2824143177626
64.2910899187733
64.5643957678569
64.5945746004779
64.7892288938949
64.9836874491253
64.8621261226071
64.8083490009844
64.736887120727
64.7259418559623
64.7000220523479
64.7392026888408
64.8443867408887
64.833926155249
65.0351167051933
64.9118113120893
64.6727843635313
64.7400572998355
64.6034670190072
64.4261903631482
64.2158300188253
64.3839677702851
64.4541712286812
64.5531498687632
64.6738980184966
64.7359253807115
65.0889994009686
64.8482388772393
64.5797566904883
64.7459726344107
64.4432531039028
64.3268827349137
64.0936510899791
64.6324876287071
63.7881829693546
63.4014727343376
63.386201972958
63.4858857274224
63.6205841403177
63.5955222486351
62.9158593750427
63.3537084655762
63.0028051045302
62.9816247240623
62.9741786421262
63.1152192733479
62.3359970172868
61.9153859581703
62.6044484849728
62.4417991836806
62.3621250442148
62.1824919162993
61.9815163687914
62.0533733874889
61.3064900640945
61.721154288678
61.5372022990331
61.287336470457
61.2351152034051
61.4769294063874
61.7964299096652
60.7489488373878
61.1698445760303
61.8039516590896
61.6145410122154
61.3235111255035
61.5393435159503
61.6343019672573
60.9954994134008
61.3899128107168
61.4141503529709
62.8603243299206
61.0176931266028
61.2135666182431
61.2496276388208
60.1681926565633
59.2816926905817
61.2965558051545
61.7432592676604
61.4377924763985
61.5984237126443
61.4517022833811
61.3085028771257
61.3515240671743
61.6782087895755
61.4844067916175
61.4375931706135
61.6515216596867
61.7578187111315
61.395384752855
61.3409912275286
61.8312893549642
61.6253769885744
61.1416099992398
61.3753215195067
59.1912112293905
60.8100611721925
60.5530744935555
60.6385856104708
60.2983387180388
59.6815962749383
60.1385602148304
59.3107879513626
59.8485920282458
58.9169747053424
59.2760775604932
58.89151044838
59.0328413515396
59.025780787175
58.5006581687796
59.523028041522
59.3224610752905
59.5341740927634
59.4258260670599
58.4761665770203
59.7808140097072
60.2742136668808
60.3903945184362
59.2253432398633
60.1003781772106
59.0765279895503
59.764409197121
57.8753686255716
60.6077289322715
60.6753880356753
58.5954985761769
60.3512275758858
60.1785924870075
60.3316318066587
61.0938830468244
61.8283670843845
61.6933665108142
60.0194256244169
62.2382023013763
61.6662880741332
61.7800091568026
62.1723470432707
63.4864755829372
63.5938911522672
61.6094963176074
63.0919765566956
61.7636800095905
62.9086628542428
62.9178157223765
63.0780941506358
63.3532766918254
62.3460161813416
63.5479859546752
62.7312068262913
64.479601219198
63.8040027461993
63.1146619844535
64.8492190089323
63.7460733623097
64.4027673226453
64.0703390180614
64.3306090293962
64.8328080118574
63.8080876517857
64.4028276814411
64.2505032993139
63.9496745488399
64.3016796541758
64.2427750450951
63.9738792335986
62.7124832273182
63.9532722339247
62.5430698572304
64.6028596264979
64.2709518441833
64.4746938605664
64.0047554237918
62.2485387071904
64.3671743054762
64.0915295844238
64.706899917697
63.9524941767451
64.9308244623326
64.5322612535033
63.8333529818371
63.9703164616308
64.7171630549063
64.3127129729179
64.3953452873596
64.4718222783235
63.9837216407955
59.4984523667009
62.1498674034151
64.7599719806896
64.1888386870256
64.3676692667892
64.1338545410085
65.0696588849515
61.8602620007317
63.6170077191289
61.8493244046869
58.3015942206763
65.6408014855831
64.9784584928733
64.448017861009
63.5423201892788
63.5535546600977
65.3289827808366
63.4927048033397
65.152625573083
64.2912813277572
66.0520665350163
67.1890697532586
64.4241743183836
64.4266884018318
64.2926196067039
65.9542342040344
65.1994335227504
63.1117060545133
63.8066776143539
61.4853223400635
65.4581630977549
64.0501124791596
64.3170217720343
64.7894645016595
61.1941975725719
63.51149039299
61.6752962778315
66.8746825312327
62.4816853009418
64.2385392909702
65.4341973971667
63.1569128187958
64.3571033810876
61.1053218539907
62.1912083174672
69.2826834853809
58.3880577353478
63.2253168666248
61.2028724173422
62.5473133175946
65.9963197409483
66.1925067441584
62.1835684067039
77.6666371462772
62.0191569846126
63.1672165176012
70.4324312407472
62.3200451976278
62.8674335761823
68.3162919073802
62.6686362674197
63.5824202700499
61.263432827205
60.6598092390256
63.101124515766
60.604398093623
60.2707618772291
63.7824837137096
67.7683170673706
59.8771490831431
61.9600499709122
59.518819996395
83.6586591896213
69.5381051708332
65.6193852686983
79.0427292835235
57.9435172427239
61.7591813043209
75.3481482620116
61.2700276729535
54.0016615440418
62.2993584564821
61.4083493516942
61.6189810765485
62.0672146893158
62.8039376577908
60.1260420730219
48.4464265381884
60.7772819481352
63.3616393489442
48.4036102490672
58.268518536357
54.5160348425336
85.426649023347
46.7061637927062
48.9788842063643
50.4052909784305
72.4723722145
60.0885513340418
56.1099675395683
54.1445582450228
62.5213115328373
84.9798530216169
51.3455910851085
54.9388705016747
68.1446280713827
67.44902424327
42.5494150846785
57.098802597668
58.7146382082513
50.1345161542815
47.4365437385196
59.2909037792008
76.1760063281658
57.4189681298435
66.9644715797124
53.6829785743298
84.7470893012626
38.127506667625
64.5990266129883
113.688947679589
64.6768486929749
30.7921758396357
65.0909239447826
63.9091263957606
76.5871392315244
52.3204724588306
96.7493849445803
102.832163432795
66.1589519816953
56.2323424547732
56.9276526905389
41.1505624182305
56.3838392125176
69.5957415544801
61.9598775475041
68.7123422450624
77.114843613915
68.9026477203433
39.3692172996812
58.3290557243613
64.4676150166382
75.4636680475001
80.390109134466
84.0947291301645
71.2776892376356
68.7913522582294
53.4220696668443
47.2218074990318
49.9476319952697
86.7758733733707
65.7409501603461
70.4604569882458
66.6410210930425
67.2709874402221
91.3559384813639
61.3042492261529
53.1456583142316
81.6079177262725
72.5695759296988
91.0536759412878
50.7746226987612
52.7286124891239
60.7484884696749
44.7990434601906
44.8271300803986
61.6146065304489
70.4430991000773
98.5600554128873
83.0529118771876
54.5592473104403
58.6552659681401
65.0203222071348
59.2634661808879
66.9012036706629
65.6691715786912
65.3540894895299
70.1292671219481
68.1878925936176
68.301739701396
68.6125771854693
68.2974001675621
67.5568838374767
65.9864924081935
66.9683250160283
67.8879868918671
67.5153461224818
66.8766015023895
66.5080070831368
67.045393053144
66.0946071402621
66.4303790323041
65.9754172693953
66.3239148981575
65.8657813061666
66.2210999911303
65.6864719061637
64.7233319450432
66.8790850804795
65.5863328797039
64.9210816180164
63.8245595362086
65.6902831223384
66.0663157337781
65.6661878357524
65.5016484219908
64.6601810842311
65.1963206622958
65.405767750118
65.1349012107272
64.9211788846584
65.4400765869572
65.3672036577982
66.1458937218821
65.4280274478277
64.6824072790259
66.0106034299813
65.2842466736115
65.29026261808
63.4454622719884
64.927622064604
65.0915921667406
65.0969704677253
64.0424083841502
65.7937193813435
65.2712807331493
64.8440127515593
65.0941844056736
63.7903646641654
64.4209662103123
65.1077663389695
64.351251097014
63.8200045818152
64.1897075457666
64.8524696293353
64.216022165662
64.9259864045604
65.0896270307796
65.3812591189591
63.8829559422153
62.8242116027617
61.0436986815468
64.5794874953875
66.1772618069521
65.8922087107695
64.6463024529654
64.5624324065911
64.2515029778112
62.1894986798027
64.4655860491658
64.712654183946
62.1366291050977
64.7375254112724
63.8267019379288
64.7050667692338
62.2321396885432
63.8835108951839
65.0365473797211
64.3702187017558
63.4514722897304
64.5493515881771
64.8699015159298
65.920012220303
66.2219594206164
65.8631623088117
64.1398131726268
63.190835130103
64.2395130418289
62.6983393893168
61.8386248535266
69.7311725176019
65.7347509642431
65.1007504185136
64.771239081283
61.1976480453684
67.8130388525241
65.3152077404097
63.3211277726089
71.1815146775874
63.2395039475703
73.5265696342766
62.7885051302561
74.223811744616
58.0867483304961
62.2019744683315
78.202084045698
64.7600373777628
63.7925453969821
60.8453061651345
63.8671670217601
69.7266232281619
64.0055244559051
61.2848909915367
58.0819698375162
66.7400730206262
70.3121091005028
69.0244629957475
56.2999673736744
65.533849221887
72.0599882508809
77.1165156860173
69.8988360923376
82.266953089197
62.1922015173758
69.7263011972945
58.9688780385644
103.021458234159
58.1724348133566
47.5568191524414
80.4906387993512
63.1425047568366
84.061597284568
106.340984430178
86.3486750731276
52.6471776273373
80.1147007189909
64.9189336132725
77.0045422447991
59.6142264557289
62.8527295248515
42.8828679336521
61.2577690656498
59.2273429178702
49.8352347201891
58.9722877617989
70.7816609262349
66.4632073499398
68.5758407467085
71.2079037500514
72.7223374901356
91.6441384622249
64.6969151048741
69.7168040245038
57.4179346709545
83.3781300272788
58.1986633491275
62.1421289299754
63.7390227579176
65.5481659718955
66.6712559429666
66.9500323468519
66.8980563431225
69.0644970816974
67.9325356361525
68.2896574176636
68.2927600683183
67.6551432520051
67.5834562822592
68.1452868549455
67.3399673098404
66.8769512585484
67.5093663629457
66.9483416699118
66.1744058148972
67.0581924892496
66.3682324561675
65.6520684892709
66.5473405053566
65.8772496236174
65.1616297425889
66.0748690845902
65.5314432045593
65.1341539236725
66.1500423816872
65.4314805975874
64.9982083145309
66.0095084531058
65.4535689307385
65.0723756112576
65.9254596504415
65.4066303697428
65.0385178536327
65.7464184639373
65.324068090637
64.9536027309121
65.7128961293709
65.2413374158353
64.813075951048
65.6241741068125
65.2383015868955
64.8741895453516
65.8021516083347
65.2857084481633
64.913767670724
65.8969069479859
65.6720115764533
65.0781609282165
65.9515092835032
65.4866050971136
64.9877843090666
66.0399105924535
65.465252853052
64.9625902193632
65.8819372685856
65.3572159736659
65.0243925601359
65.3522763512187
65.025158053802
64.5163206665019
65.4968940005038
65.2119465785664
64.4146643506517
65.7077418184899
65.3809263969589
64.3730168107415
65.6525909560369
65.0449955359734
64.5695500004693
65.5654082570434
64.8311432349335
64.2521960815728
65.4104748608494
65.0467557300801
64.6623080030689
65.5249937951457
65.0692197001513
64.5936892689315
66.1211090627003
65.1047858610698
64.3539653750053
66.0766501796155
64.8522455894705
64.4885186623054
65.9580618674238
65.0290974176185
64.8838423099762
66.2410638693219
65.0847979336039
64.9276688335044
66.5133984743605
65.5920852157531
65.0289004119019
66.3451888434039
65.5890153090847
65.4204168878144
65.3896853964936
65.2227468518163
65.2575581127313
65.2771761054673
65.0198429626204
65.0105896542156
64.9639160879956
65.1164425138839
65.0266689134548
64.7800279221445
64.6935922529704
64.7402902743509
64.865549739584
64.8372762886484
64.8432141731449
64.7482807379241
64.3134801124638
64.9095811858069
64.55522469935
64.7133070136505
65.1194629632796
64.6308038054833
64.5104746747433
64.7418691769679
65.0255569280285
64.680584577993
64.9961271149604
64.9041067082606
64.9072870257778
65.0521504639898
64.8954662718492
64.695444295576
64.1815840803572
65.2051426239384
65.1831405576268
65.4160292275281
63.9690931318688
65.0515901688963
65.6746650582205
65.2084481445129
65.1188187373416
65.0043771772677
64.9444794521714
64.1082457790505
64.8709048131984
64.2674324899571
65.3496998698208
64.7374298479694
65.4474208548187
65.2113183579145
65.0528258583051
64.5255671293611
65.0979984996742
65.8163935038153
65.4657807039857
65.5869078485342
65.4575959337963
65.3063674850054
64.713874299757
64.9047035663714
64.6673582761739
65.1518431815578
65.1045935783228
65.1002931273464
64.7116544356241
64.4145703164516
64.2306341829508
63.5871384428334
64.2802012969338
64.7702582472037
65.470997851807
65.2347106937595
64.2154204590154
64.9716143823408
64.8678117541878
64.4035388635581
65.0978061152668
62.8218138724948
64.7398507890482
65.8608805299825
64.5567456166099
65.4696219445462
66.2304813079954
64.8526237003826
64.9320198112194
62.71671774537
65.2971012316016
65.4629753280231
65.3828853237372
65.2505083572545
64.3486126638391
65.6296763261174
64.6207674770972
64.1852744119624
64.512059119024
64.46415456004
65.4993259022787
63.980272936533
66.8022158422828
64.383871894869
64.9486400856684
63.3815869754217
64.4960217054238
64.9364748111456
62.8388458055374
61.8963041164588
64.1745531694336
64.1299491164249
64.4274148598399
63.3718446815031
66.9875757418603
63.8359757394344
62.6962471237894
63.6374185124347
63.6529723394981
63.9782852656543
65.3293153510477
63.4364299648623
61.5522458840304
63.1684248202142
65.0518785480777
66.3366657611392
63.6679898453129
61.8407631694134
65.10860203743
62.2045865743467
65.1640600423264
79.3748761023358
63.4160897246976
75.0674228151924
62.2453247982529
82.093081787508
60.951710209598
62.326158521282
62.1318069396973
70.4329556123726
63.3493620557799
62.4012266310082
52.5274551822541
52.8678854281839
59.9751115186747
63.0432377347305
58.4651337541248
58.3302243637303
48.3288362554156
69.6563682363534
74.4237047312066
79.804805491487
82.4428131223125
72.3727901630593
83.6454791457289
84.7755997198467
56.0606534793375
62.3915174332412
87.2077161876125
68.7498062050686
45.6107487259017
65.5658547539244
66.1746078310129
56.3716345711962
69.5679230683785
83.2189097003637
47.6518686306813
41.1515763810255
46.3760830401743
62.0985555041761
81.1810368355022
52.1379483530398
84.8589518222607
73.6401236874201
55.4258570748529
51.8566764340849
50.7801764015547
57.5044660018063
70.7801646344791
94.9166752800679
55.1717497705148
58.8969878040425
